*************************************************************

   NEOS Server Version 6.0
   Job#     : 11945541
   Password : luHxMsWI
   User     : 
   Solver   : nco:Ipopt:AMPL
   Start    : 2022-05-13 11:24:47
   End      : 2022-05-13 11:24:56
   Host     : prod-sub-1.neos-server.org

   Disclaimer:

   This information is provided without any express or
   implied warranty. In particular, there is no warranty
   of any kind concerning the fitness of this
   information for any particular purpose.

   Announcements:
*************************************************************
You are using the solver ipopt.

%% COMMENTS %%%%%%%%%%%%%%%%%%%%%%%%%%%%
vBom
%%%%%%%%%%%%%%%%%%%%%%%%%%%%%%%%%%%%%%%%
Checking ampl.mod for ipopt_options...
Executing AMPL.
processing data.
processing commands.
Executing on prod-exec-5.neos-server.org

Presolve eliminates 1010 constraints and 9 variables.
Substitution eliminates 6003 variables.
Adjusted problem:
7001 variables:
	6001 nonlinear variables
	1000 linear variables
6000 constraints, all nonlinear; 49978 nonzeros
	6000 equality constraints
1 linear objective; 1 nonzero.

Ipopt 3.14.5: max_iter=2000
acceptable_tol=1e-10


******************************************************************************
This program contains Ipopt, a library for large-scale nonlinear optimization.
 Ipopt is released as open source code under the Eclipse Public License (EPL).
         For more information visit https://github.com/coin-or/Ipopt
******************************************************************************

This is Ipopt version 3.14.5, running with linear solver MUMPS 5.4.1.

Number of nonzeros in equality constraint Jacobian...:    49978
Number of nonzeros in inequality constraint Jacobian.:        0
Number of nonzeros in Lagrangian Hessian.............:    14001

Total number of variables............................:     7001
                     variables with only lower bounds:        0
                variables with lower and upper bounds:     1001
                     variables with only upper bounds:        0
Total number of equality constraints.................:     6000
Total number of inequality constraints...............:        0
        inequality constraints with only lower bounds:        0
   inequality constraints with lower and upper bounds:        0
        inequality constraints with only upper bounds:        0

iter    objective    inf_pr   inf_du lg(mu)  ||d||  lg(rg) alpha_du alpha_pr  ls
   0 -0.0000000e+00 8.48e-01 1.57e-02  -1.0 0.00e+00    -  0.00e+00 0.00e+00   0
   1 -4.8223303e+01 2.84e-05 2.34e+05  -1.7 4.82e+01    -  2.86e-01 1.00e+00f  1
   2 -4.8220991e+01 2.84e-05 2.34e+05  -1.7 2.32e+02    -  3.21e-03 5.10e-05h  3
   3 -4.8205079e+01 2.84e-05 2.34e+05  -1.7 4.04e+01    -  1.52e-02 8.79e-04h  1
   4 -4.8187838e+01 2.83e-05 2.33e+05  -1.7 9.88e+00    -  1.15e-02 2.96e-03f  4
   5 -4.8111084e+01 2.81e-05 2.31e+05  -1.7 8.00e+00    -  7.71e-02 9.65e-03h  3
   6 -4.7908783e+01 2.76e-05 2.28e+05  -1.7 1.26e+01    -  3.67e-01 1.60e-02h  2
   7 -4.6702375e+01 2.52e-05 2.11e+05  -1.7 9.16e+00    -  8.44e-01 1.32e-01h  1
   8 -4.0823111e+01 2.45e-04 1.50e+05  -1.7 7.10e+00    -  1.00e+00 8.28e-01h  1
   9 -3.9940209e+01 6.43e-07 2.48e+03  -1.7 9.50e-01    -  8.53e-01 1.00e+00F  1
iter    objective    inf_pr   inf_du lg(mu)  ||d||  lg(rg) alpha_du alpha_pr  ls
  10 -4.2260090e+01 5.45e-03 3.11e+02  -1.7 2.33e+00    -  9.91e-01 1.00e+00f  1
  11 -4.4608499e+01 2.89e-03 2.48e+02  -1.7 3.14e+00    -  1.00e+00 1.00e+00f  1
  12 -4.4730780e+01 7.63e-04 4.24e+01  -1.7 5.95e-01    -  1.00e+00 1.00e+00f  1
  13 -4.4601560e+01 2.29e-04 5.62e+00  -1.7 1.51e-01    -  1.00e+00 1.00e+00f  1
  14 -4.4488705e+01 9.51e-06 2.08e-01  -1.7 1.13e-01    -  1.00e+00 1.00e+00h  1
  15 -4.4660969e+01 8.38e-06 1.74e-02  -2.5 1.72e-01    -  1.00e+00 1.00e+00f  1
  16 -4.5401822e+01 1.82e-04 6.38e-02  -3.8 7.41e-01    -  8.35e-01 1.00e+00f  1
  17 -4.5583873e+01 1.26e-04 1.25e-01  -3.8 1.82e-01    -  1.00e+00 1.00e+00h  1
  18 -4.5515947e+01 2.09e-05 3.65e-02  -3.8 6.79e-02    -  1.00e+00 1.00e+00h  1
  19 -4.5513411e+01 9.10e-07 5.20e-04  -3.8 9.86e-03    -  1.00e+00 1.00e+00h  1
iter    objective    inf_pr   inf_du lg(mu)  ||d||  lg(rg) alpha_du alpha_pr  ls
  20 -4.5532786e+01 1.96e-05 1.38e-02  -5.7 4.99e-02    -  9.43e-01 1.00e+00h  1
  21 -4.5530458e+01 6.39e-06 4.77e-04  -5.7 2.93e-02    -  1.00e+00 1.00e+00h  1
  22 -4.5530303e+01 1.46e-06 3.06e-04  -5.7 1.39e-02    -  1.00e+00 1.00e+00h  1
  23 -4.5530279e+01 1.88e-07 2.68e-05  -5.7 5.00e-03    -  1.00e+00 1.00e+00h  1
  24 -4.5530278e+01 5.60e-09 5.20e-07  -5.7 8.63e-04    -  1.00e+00 1.00e+00h  1
  25 -4.5530431e+01 3.34e-07 1.95e-05  -8.6 6.67e-03    -  9.93e-01 1.00e+00h  1
  26 -4.5530428e+01 8.43e-08 6.75e-06  -8.6 3.37e-03    -  1.00e+00 1.00e+00h  1
  27 -4.5530428e+01 2.00e-08 7.68e-07  -8.6 1.67e-03    -  1.00e+00 1.00e+00h  1
  28 -4.5530428e+01 3.98e-09 8.66e-08  -8.6 7.78e-04    -  1.00e+00 1.00e+00h  1
  29 -4.5530428e+01 5.55e-10 7.96e-09  -8.6 3.00e-04    -  1.00e+00 1.00e+00h  1

Number of Iterations....: 29

                                   (scaled)                 (unscaled)
Objective...............:  -4.5530427863307935e+01   -4.5530427863307935e+01
Dual infeasibility......:   7.9592882874790494e-09    7.9592882874790494e-09
Constraint violation....:   5.5485438466007508e-10    5.5485438466007508e-10
Variable bound violation:   0.0000000000000000e+00    0.0000000000000000e+00
Complementarity.........:   3.6674534822692430e-09    3.6674534822692430e-09
Overall NLP error.......:   7.3988816256922862e-09    7.9592882874790494e-09


Number of objective function evaluations             = 43
Number of objective gradient evaluations             = 30
Number of equality constraint evaluations            = 43
Number of inequality constraint evaluations          = 0
Number of equality constraint Jacobian evaluations   = 30
Number of inequality constraint Jacobian evaluations = 0
Number of Lagrangian Hessian evaluations             = 29
Total seconds in IPOPT                               = 1.878

EXIT: Optimal Solution Found.
 
Ipopt 3.14.5: Optimal Solution Found

suffix ipopt_zU_out OUT;
suffix ipopt_zL_out OUT;
OBJ = 45.5304

  0.0000000000000000e+00   8.4673500000000002e-01   9.5000000000000001e-02   7.1000000000000004e-03   4.6500000000000003e-04   5.0700000000000002e-02   7.1727345350974634e-06
  1.0000000000000000e-02   8.4870713992651148e-01   9.3018006262006792e-02   7.1259229883159090e-03   4.6713994737389791e-04   5.0681790875792075e-02   3.5963311087075397e-06
  2.0000000000000000e-02   8.5061878584386919e-01   9.1096699797372088e-02   7.1516135808450104e-03   4.6928402489044207e-04   5.0663616753023513e-02   3.6430037336394328e-06
  2.9999999999999999e-02   8.5247179007639973e-01   8.9234222298726587e-02   7.1770779522569751e-03   4.7143227903394139e-04   5.0645477393583098e-02   3.6909295289589121e-06
  4.0000000000000001e-02   8.5426794822830687e-01   8.7428772361824031e-02   7.2023220894218577e-03   4.7358476330581800e-04   5.0627372557141892e-02   3.7401605931444198e-06
  5.0000000000000003e-02   8.5600900092049059e-01   8.5678603743116824e-02   7.2273517971256232e-03   4.7574152987919121e-04   5.0609302009388374e-02   3.7907519124153501e-06
  5.9999999999999998e-02   8.5769663547418684e-01   8.3982023670686440e-02   7.2521727036278802e-03   4.7790262965338888e-04   5.0591265521846125e-02   3.8427615651754122e-06
  7.0000000000000007e-02   8.5933248754305280e-01   8.2337391206894511e-02   7.2767902660504048e-03   4.8006811230598856e-04   5.0573262871697104e-02   3.8962509440022152e-06
  8.0000000000000002e-02   8.6091814269527556e-01   8.0743115661170942e-02   7.3012097756015651e-03   4.8223802634252014e-04   5.0555293841610269e-02   3.9512849969686736e-06
  8.9999999999999997e-02   8.6245513794723605e-01   7.9197655051403748e-02   7.3254363626416184e-03   4.8441241914395141e-04   5.0537358219575466e-02   4.0079324902927211e-06
  1.0000000000000001e-01   8.6394496325021020e-01   7.7699514612442400e-02   7.3494750015936994e-03   4.8659133701207062e-04   5.0519455798742431e-02   4.0662662945499838e-06
  1.1000000000000000e-01   8.6538906293154616e-01   7.6247245350272067e-02   7.3733305157051617e-03   4.8877482521287458e-04   5.0501586377264610e-02   4.1263636969563117e-06
  1.2000000000000000e-01   8.6678883709171095e-01   7.4839442640460219e-02   7.3970075816638158e-03   4.9096292801806187e-04   5.0483749758147838e-02   4.1883067425357868e-06
  1.3000000000000000e-01   8.6814564295855912e-01   7.3474744869520006e-02   7.4205107340734608e-03   4.9315568874472857e-04   5.0465945749103618e-02   4.2521826073430228e-06
  1.4000000000000001e-01   8.6946079620013161e-01   7.2151832117876194e-02   7.4438443697929747e-03   4.9535314979335342e-04   5.0448174162406864e-02   4.3180840073114823e-06
  1.4999999999999999e-01   8.7073557219725606e-01   7.0869424883159796e-02   7.4670127521431024e-03   4.9755535268415977e-04   5.0430434814758021e-02   4.3861096467619026e-06
  1.6000000000000000e-01   8.7197120727717847e-01   6.9626282842596560e-02   7.4900200149849543e-03   4.9976233809192984e-04   5.0412727527149356e-02   4.4563647111352159e-06
  1.7000000000000001e-01   8.7316889990942026e-01   6.8421203653292142e-02   7.5128701666741177e-03   5.0197414587935057e-04   5.0395052124735405e-02   4.5289614091242549e-06
  1.7999999999999999e-01   8.7432981186501746e-01   6.7253021789253478e-02   7.5355670938941528e-03   5.0419081512895745e-04   5.0377408436707322e-02   4.6040195700823239e-06
  1.9000000000000000e-01   8.7545506934026174e-01   6.6120607414021662e-02   7.5581145653731280e-03   5.0641238417374634e-04   5.0359796296171079e-02   4.6816673033992541e-06
  2.0000000000000001e-01   8.7654576404603313e-01   6.5022865287825748e-02   7.5805162354867714e-03   5.0863889062651368e-04   5.0342215540029427e-02   4.7620417274771800e-06
  2.0999999999999999e-01   8.7760295426377422e-01   6.3958733708200405e-02   7.6027756477516648e-03   5.1087037140798550e-04   5.0324666008867439e-02   4.8452897770316465e-06
  2.2000000000000000e-01   8.7862766586913188e-01   6.2927183483042770e-02   7.6248962382118321e-03   5.1310686277379093e-04   5.0307147546841569e-02   4.9315690987159705e-06
  2.3000000000000001e-01   8.7962089332425242e-01   6.1927216935115249e-02   7.6468813387219597e-03   5.1534840034033239e-04   5.0289660001572083e-02   5.0210490465522063e-06
  2.3999999999999999e-01   8.8058360063969210e-01   6.0957866937031174e-02   7.6687341801304027e-03   5.1759501910960369e-04   5.0272203224038831e-02   5.1139117903901714e-06
  2.5000000000000000e-01   8.8151672230687383e-01   6.0018195975790174e-02   7.6904578953650134e-03   5.1984675349300239e-04   5.0254777068480166e-02   5.2103535526554572e-06
  2.6000000000000001e-01   8.8242116420199024e-01   5.9107295245958202e-02   7.7120555224247560e-03   5.2210363733417925e-04   5.0237381392294993e-02   5.3105859910482768e-06
  2.7000000000000002e-01   8.8329780446222861e-01   5.8224283770615191e-02   7.7335300072799854e-03   5.2436570393097075e-04   5.0220016055947808e-02   5.4148377476883897e-06
  2.8000000000000003e-01   8.8414749433516526e-01   5.7368307549220045e-02   7.7548842066841456e-03   5.2663298605644913e-04   5.0202680922876657e-02   5.5233561885578062e-06
  2.8999999999999998e-01   8.8497105900215123e-01   5.6538538731568784e-02   7.7761208908996137e-03   5.2890551597913201e-04   5.0185375859403900e-02   5.6364093610786533e-06
  2.9999999999999999e-01   8.8576929837648366e-01   5.5734174817046775e-02   7.7972427463402867e-03   5.3118332548238298e-04   5.0168100734649786e-02   5.7542882024165864e-06
  3.1000000000000000e-01   8.8654298787713737e-01   5.4954437878400604e-02   7.8182523781334529e-03   5.3346644588303917e-04   5.0150855420448573e-02   5.8773090367834460e-06
  3.2000000000000001e-01   8.8729287917880439e-01   5.4198573809278706e-02   7.8391523126034087e-03   5.3575490804929379e-04   5.0133639791267351e-02   6.0058164068382727e-06
  3.3000000000000002e-01   8.8801970093896587e-01   5.3465851594812944e-02   7.8599449996792012e-03   5.3804874241786564e-04   5.0116453724127305e-02   6.1401862925086246e-06
  3.4000000000000002e-01   8.8872415950270089e-01   5.2755562604535657e-02   7.8806328152288187e-03   5.4034797901048124e-04   5.0099297098527396e-02   6.2808297805046937e-06
  3.4999999999999998e-01   8.8940693958591299e-01   5.2067019906948210e-02   7.9012180633220661e-03   5.4265264744969392e-04   5.0082169796370452e-02   6.4281972598860134e-06
  3.5999999999999999e-01   8.9006870493763568e-01   5.1399557605078063e-02   7.9217029784242766e-03   5.4496277697406469e-04   5.0065071701891548e-02   6.5827832337894292e-06
  3.7000000000000000e-01   8.9071009898205777e-01   5.0752530192381635e-02   7.9420897275230343e-03   5.4727839645272558e-04   5.0048002701588566e-02   6.7451318555025134e-06
  3.8000000000000000e-01   8.9133174544088956e-01   5.0125311928370074e-02   7.9623804121898636e-03   5.4959953439934412e-04   5.0030962684154988e-02   6.9158433193248355e-06
  3.9000000000000001e-01   8.9193424893667095e-01   4.9517296233353818e-02   7.9825770705789466e-03   5.5192621898550735e-04   5.0013951540414728e-02   7.0955812642044154e-06
  4.0000000000000002e-01   8.9251819557760592e-01   4.8927895101720700e-02   8.0026816793647305e-03   5.5425847805353910e-04   4.9996969163259103e-02   7.2850813823987750e-06
  4.0999999999999998e-01   8.9308415352448933e-01   4.8356538533179991e-02   8.0226961556203388e-03   5.5659633912876253e-04   4.9980015447585721e-02   7.4851614682605773e-06
  4.1999999999999998e-01   8.9363267354027276e-01   4.7802673981422225e-02   8.0426223586385591e-03   5.5893982943122059e-04   4.9963090290239355e-02   7.6967331961467206e-06
  4.2999999999999999e-01   8.9416428952280391e-01   4.7265765819661576e-02   8.0624620916971684e-03   5.6128897588685674e-04   4.9946193589954738e-02   7.9208159846526956e-06
  4.4000000000000000e-01   8.9467951902125087e-01   4.6745294822543845e-02   8.0822171037703040e-03   5.6364380513816280e-04   4.9929325247301176e-02   8.1585533912248349e-06
  4.5000000000000001e-01   8.9517886373671474e-01   4.6240757663918802e-02   8.1018890911875203e-03   5.6600434355429086e-04   4.9912485164629067e-02   8.4112325925433408e-06
  4.6000000000000002e-01   8.9566281000751247e-01   4.5751666429991282e-02   8.1214796992421217e-03   5.6837061724062385e-04   4.9895673246018110e-02   8.6803076498104884e-06
  4.6999999999999997e-01   8.9613182927959922e-01   4.5277548147379998e-02   8.1409905237503511e-03   5.7074265204779342e-04   4.9878889397227413e-02   8.9674274450458883e-06
  4.7999999999999998e-01   8.9658637856258705e-01   4.4817944325627627e-02   8.1604231125628774e-03   5.7312047358012541e-04   4.9862133525647244e-02   9.2744694196127843e-06
  4.8999999999999999e-01   8.9702690087179915e-01   4.4372410513719658e-02   8.1797789670301161e-03   5.7550410720348482e-04   4.9845405540252616e-02   9.6035805702802759e-06
  5.0000000000000000e-01   8.9745382565678833e-01   4.3940515870183001e-02   8.1990595434227164e-03   5.7789357805247991e-04   4.9828705351558582e-02   9.9572275904484434e-06
  5.1000000000000001e-01   8.9786756921673361e-01   4.3521842746348627e-02   8.2182662543086454e-03   5.8028891103697154e-04   4.9812032871577358e-02   1.0338258626413085e-05
  5.2000000000000002e-01   8.9826853510311711e-01   4.3115986282375042e-02   8.2374004698881689e-03   5.8269013084781280e-04   4.9795388013777218e-02   1.0749979910742835e-05
  5.3000000000000003e-01   8.9865711451007035e-01   4.2722554015641942e-02   8.2564635192880088e-03   5.8509726196171884e-04   4.9778770693043324e-02   1.1196251624519378e-05
  5.4000000000000004e-01   8.9903368665276873e-01   4.2341165501135147e-02   8.2754566918159540e-03   5.8751032864513570e-04   4.9762180825640517e-02   1.1681608856721232e-05
  5.5000000000000004e-01   8.9939861913423758e-01   4.1971451943455744e-02   8.2943812381771152e-03   5.8992935495692539e-04   4.9745618329178273e-02   1.2211415666385367e-05
  5.6000000000000005e-01   8.9975226830092780e-01   4.1613055840097425e-02   8.3132383716529989e-03   5.9235436474962787e-04   4.9729083122577983e-02   1.2792063306764098e-05
  5.6999999999999995e-01   9.0009497958740259e-01   4.1265630635647067e-02   8.3320292692445532e-03   5.9478538166896967e-04   4.9712575126042900e-02   1.3431228097966305e-05
  5.7999999999999996e-01   9.0042708785046977e-01   4.0928840386573906e-02   8.3507550727802918e-03   5.9722242915116578e-04   4.9696094261031144e-02   1.4138210956960587e-05
  5.8999999999999997e-01   9.0074891769308274e-01   4.0602359436283236e-02   8.3694168899905545e-03   5.9966553041738990e-04   4.9679640450232369e-02   1.4924390371890114e-05
  5.9999999999999998e-01   9.0106078377832366e-01   4.0285872100120301e-02   8.3880157955489743e-03   6.0211470846452603e-04   4.9663213617548906e-02   1.5803835549805490e-05
  6.0999999999999999e-01   9.0136299113377105e-01   3.9979072360019574e-02   8.4065528320821509e-03   6.0456998605093817e-04   4.9646813688082693e-02   1.6794149789635531e-05
  6.2000000000000000e-01   9.0165583544654881e-01   3.9681663568504236e-02   8.4250290111485271e-03   6.0703138567541311e-04   4.9630440588129654e-02   1.7917651413946261e-05
  6.3000000000000000e-01   9.0193960334933898e-01   3.9393358161749430e-02   8.4434453141874390e-03   6.0949892954653760e-04   4.9614094245184336e-02   1.9203060851135067e-05
  6.4000000000000001e-01   9.0221457269763849e-01   3.9113877381431836e-02   8.4618026934393121e-03   6.1197263953832921e-04   4.9597774587958873e-02   2.0687966508956280e-05
  6.5000000000000002e-01   9.0248101283852444e-01   3.8842951005096368e-02   8.4801020728378952e-03   6.1445253712557506e-04   4.9581481546422626e-02   2.2422526481673941e-05
  6.6000000000000003e-01   9.0273918487119065e-01   3.8580317084779457e-02   8.4983443488755410e-03   6.1693864328823413e-04   4.9565215051873224e-02   2.4475209375295881e-05
  6.7000000000000004e-01   9.0298934189950542e-01   3.8325721693635767e-02   8.5165303914424492e-03   6.1943097836677130e-04   4.9548975037056735e-02   2.6942082049959516e-05
  6.8000000000000005e-01   9.0323172927683748e-01   3.8078918680323599e-02   8.5346610446409288e-03   6.2192956183538606e-04   4.9532761436369858e-02   2.9962745299696184e-05
  6.8999999999999995e-01   9.0346658484338371e-01   3.7839669430911153e-02   8.5527371275758244e-03   6.2443441192701658e-04   4.9516574186209632e-02   3.3750076302346251e-05
  6.9999999999999996e-01   9.0369413915623154e-01   3.7607742638073524e-02   8.5707594351226348e-03   6.2694554496106722e-04   4.9500413225618829e-02   3.8652395155204458e-05
  7.0999999999999996e-01   9.0391461571237619e-01   3.7382914077357110e-02   8.5887287386756800e-03   6.2946297399504685e-04   4.9484278497603666e-02   4.5300897390758427e-05
  7.1999999999999997e-01   9.0412823116491281e-01   3.7164966390295116e-02   8.6066457868810373e-03   6.3198670575657055e-04   4.9468169952162286e-02   5.4995927343261830e-05
  7.2999999999999998e-01   9.0433519553261188e-01   3.6953688874164448e-02   8.6245113063655870e-03   6.3451673296996262e-04   4.9452087553896081e-02   7.0748386695000654e-05
  7.3999999999999999e-01   9.0453571240309072e-01   3.6748877278180998e-02   8.6423260024901961e-03   6.3705301493836158e-04   4.9436031301307914e-02   9.9866049684870282e-05
  7.5000000000000000e-01   9.0472997912979236e-01   3.6550333605936701e-02   8.6600905601881828e-03   6.3959543371169066e-04   4.9420001270379377e-02   1.5885495718965847e-04
  7.6000000000000001e-01   9.0491818702298799e-01   3.6357865923888330e-02   8.6778056449783782e-03   6.4214372124563306e-04   4.9403997686908036e-02   2.7723626274181110e-04
  7.7000000000000002e-01   9.0510052153499121e-01   3.6171288175712864e-02   8.6954719041705038e-03   6.4469740412674190e-04   4.9388020981007058e-02   4.8778022794359195e-04
  7.8000000000000003e-01   9.0527716243970358e-01   3.5990420002347388e-02   8.7130899680365800e-03   6.4725586455708045e-04   4.9372071725363738e-02   7.9999048627357803e-04
  7.9000000000000004e-01   9.0544828400655819e-01   3.5815086567535293e-02   8.7306604505542739e-03   6.4981852076696843e-04   4.9356150454593774e-02   1.1902890417882085e-03
  8.0000000000000004e-01   9.0561405516899207e-01   3.5645118388708590e-02   8.7481839495925223e-03   6.5238496855449214e-04   4.9340257524160928e-02   1.6250002145333322e-03
  8.1000000000000005e-01   9.0577463968769245e-01   3.5480351173046383e-02   8.7656610468428309e-03   6.5495498388770147e-04   4.9324393108539387e-02   2.0808123820317873e-03
  8.1999999999999995e-01   9.0593019630886840e-01   3.5320625658554476e-02   8.7830923078513513e-03   6.5752845343249825e-04   4.9308557271302157e-02   2.5462777380285788e-03
  8.2999999999999996e-01   9.0608087891773059e-01   3.5165787460013524e-02   8.8004782822530322e-03   6.6010531583210778e-04   4.9292750024179682e-02   3.0165566829409352e-03
  8.3999999999999997e-01   9.0622683668730930e-01   3.5015686919645996e-02   8.8178195041405897e-03   6.6268553154706536e-04   4.9276971357366202e-02   3.4896250734685248e-03
  8.4999999999999998e-01   9.0636821422273273e-01   3.4870178962356557e-02   8.8351164924904847e-03   6.6526907027543382e-04   4.9261221252154014e-02   3.9645608040878863e-03
  8.5999999999999999e-01   9.0650515170109669e-01   3.4729122955405450e-02   8.8523697516038665e-03   6.6785590598100828e-04   4.9245499685922248e-02   4.4408868589305229e-03
  8.7000000000000000e-01   9.0663778500705283e-01   3.4592382572378920e-02   8.8695797715451635e-03   6.7044601482626413e-04   4.9229806634206119e-02   4.9183255225396967e-03
  8.8000000000000000e-01   9.0676624586424692e-01   3.4459825661325050e-02   8.8867470285720288e-03   6.7303937421215828e-04   4.9214142071653165e-02   5.3967002614755824e-03
  8.9000000000000001e-01   9.0689066196273294e-01   3.4331324116927485e-02   8.9038719855544270e-03   6.7563596227429752e-04   4.9198505972520262e-02   5.8758918067047848e-03
  9.0000000000000002e-01   9.0701115708248592e-01   3.4206753756593225e-02   8.9209550923821136e-03   6.7823575759092339e-04   4.9182898310957485e-02   6.3558159675334430e-03
  9.1000000000000003e-01   9.0712785121313233e-01   3.4085994200334840e-02   8.9379967863604023e-03   6.8083873900133800e-04   4.9167319061180763e-02   6.8364112580364383e-03
  9.2000000000000004e-01   9.0724086067001619e-01   3.3968928754330732e-02   8.9549974925942633e-03   6.8344488548741924e-04   4.9151768197581221e-02   7.3176314852217384e-03
  9.3000000000000005e-01   9.0735029820670843e-01   3.3855444298050971e-02   8.9719576243609978e-03   6.8605417609358618e-04   4.9136245694795827e-02   7.7994410785569056e-03
  9.3999999999999995e-01   9.0745627312407384e-01   3.3745431174839385e-02   8.9888775834717025e-03   6.8866658987131401e-04   4.9120751527753609e-02   8.2818120338126865e-03
  9.4999999999999996e-01   9.0755889137599632e-01   3.3638783085846190e-02   9.0057577606218239e-03   6.9128210583987472e-04   4.9105285671705648e-02   8.7647218524622220e-03
  9.5999999999999996e-01   9.0765825567186809e-01   3.3535396987208477e-02   9.0225985357311085e-03   6.9390070295810861e-04   4.9089848102244212e-02   9.2481521171139218e-03
  9.6999999999999997e-01   9.0775446557593953e-01   3.3435172990379118e-02   9.0394002782732078e-03   6.9652236010386880e-04   4.9074438795314396e-02   9.7320874851225397e-03
  9.7999999999999998e-01   9.0784761760362775e-01   3.3338014265507740e-02   9.0561633475952814e-03   6.9914705605891533e-04   4.9059057727220481e-02   1.0216514963939176e-02
  9.8999999999999999e-01   9.0793780531487589e-01   3.3243826947780247e-02   9.0728880932278363e-03   7.0177476949774922e-04   4.9043704874628551e-02   1.0701423380375455e-02
  1.0000000000000000e+00   9.0802511940465302e-01   3.3152520046626319e-02   9.0895748551851514e-03   7.0440547897933511e-04   4.9028380214566465e-02   1.1186802985900647e-02
  1.0100000000000000e+00   9.0810964779068393e-01   3.3064005357707045e-02   9.1062239642565098e-03   7.0703916294097930e-04   4.9013083724421820e-02   1.1672645159013459e-02
  1.0200000000000000e+00   9.0819147569849179e-01   3.2978197377597662e-02   9.1228357422885615e-03   7.0967579969382906e-04   4.8997815381938578e-02   1.2158942177972469e-02
  1.0300000000000000e+00   9.0827068574383640e-01   3.2895013221082674e-02   9.1394105024590507e-03   7.1231536741960921e-04   4.8982575165212622e-02   1.2645687045247126e-02
  1.0400000000000000e+00   9.0834735801262978e-01   3.2814372540983572e-02   9.1559485495421849e-03   7.1495784416831186e-04   4.8967363052686556e-02   1.3132873350483985e-02
  1.0500000000000000e+00   9.0842157013840252e-01   3.2736197450441464e-02   9.1724501801659034e-03   7.1760320785662485e-04   4.8952179023144068e-02   1.3620495162497115e-02
  1.0600000000000001e+00   9.0849339737739920e-01   3.2660412447579515e-02   9.1889156830612662e-03   7.2025143626694085e-04   4.8937023055703750e-02   1.4108546943372343e-02
  1.0700000000000001e+00   9.0856291268137468e-01   3.2586944342472252e-02   9.2053453393042377e-03   7.2290250704682227e-04   4.8921895129812820e-02   1.4597023479591485e-02
  1.0800000000000001e+00   9.0863018676816021e-01   3.2515722186351216e-02   9.2217394225500675e-03   7.2555639770882912e-04   4.8906795225240593e-02   1.5085919826379784e-02
  1.0900000000000001e+00   9.0869528819006973e-01   3.2446677202978329e-02   9.2380981992605110e-03   7.2821308563063660e-04   4.8891723322071867e-02   1.5575231262417206e-02
  1.1000000000000001e+00   9.0875828340021070e-01   3.2379742722120741e-02   9.2544219289240962e-03   7.3087254805538388e-04   4.8876679400700271e-02   1.6064953252739215e-02
  1.1100000000000001e+00   9.0881923681676513e-01   3.2314854115062665e-02   9.2707108642696590e-03   7.3353476209220899e-04   4.8861663441821600e-02   1.6555081418157581e-02
  1.1200000000000001e+00   9.0887821088530174e-01   3.2251948732092042e-02   9.2869652514733537e-03   7.3619970471693584e-04   4.8846675426427177e-02   1.7045611509910599e-02
  1.1299999999999999e+00   9.0893526613918074e-01   3.2190965841901259e-02   9.3031853303593166e-03   7.3886735277288137e-04   4.8831715335797277e-02   1.7536539388534014e-02
  1.1399999999999999e+00   9.0899046125810734e-01   3.2131846572843605e-02   9.3193713345942081e-03   7.4153768297176379e-04   4.8816783151494590e-02   1.8027861006161980e-02
  1.1499999999999999e+00   9.0904385312489489e-01   3.2074533855988463e-02   9.3355234918757919e-03   7.4421067189468879e-04   4.8801878855357785e-02   1.8519572391630049e-02
  1.1599999999999999e+00   9.0909549688048741e-01   3.2018972369920198e-02   9.3516420241157635e-03   7.4688629599320216e-04   4.8787002429495192e-02   1.9011669637881725e-02
  1.1699999999999999e+00   9.0914544597729852e-01   3.1965108487227396e-02   9.3677271476169631e-03   7.4956453159039506e-04   4.8772153856278533e-02   1.9504148891277138e-02
  1.1799999999999999e+00   9.0919375223091725e-01   3.1912890222630642e-02   9.3837790732451860e-03   7.5224535488205302e-04   4.8757333118336785e-02   1.9997006342482450e-02
  1.1899999999999999e+00   9.0924046587022966e-01   3.1862267182698661e-02   9.3997980065957248e-03   7.5492874193783808e-04   4.8742540198550156e-02   2.0490238218676491e-02
  1.2000000000000000e+00   9.0928563558600628e-01   3.1813190517104205e-02   9.4157841481548356e-03   7.5761466870249961e-04   4.8727775080044188e-02   2.0983840776862005e-02
  1.2100000000000000e+00   9.0932930857800220e-01   3.1765612871372584e-02   9.4317376934562394e-03   7.6030311099710814e-04   4.8713037746183928e-02   2.1477810298105741e-02
  1.2200000000000000e+00   9.0937153060061371e-01   3.1719488341077032e-02   9.4476588332328519e-03   7.6299404452030597e-04   4.8698328180568268e-02   2.1972143082564590e-02
  1.2300000000000000e+00   9.0941234600713783e-01   3.1674772427436645e-02   9.4635477535638737e-03   7.6568744484957192e-04   4.8683646367024366e-02   2.2466835445177011e-02
  1.2400000000000000e+00   9.0945179779267638e-01   3.1631421994274010e-02   9.4794046360173675e-03   7.6838328744249784e-04   4.8668992289602184e-02   2.2961883711921545e-02
  1.2500000000000000e+00   9.0948992763572600e-01   3.1589395226290819e-02   9.4952296577884860e-03   7.7108154763807211e-04   4.8654365932569152e-02   2.3457284216559814e-02
  1.2600000000000000e+00   9.0952677593849507e-01   3.1548651588621100e-02   9.5110229918334635e-03   7.7378220065797069e-04   4.8639767280404943e-02   2.3953033297794406e-02
  1.2700000000000000e+00   9.0956238186598581e-01   3.1509151787622987e-02   9.5267848069995175e-03   7.7648522160785125e-04   4.8625196317796354e-02   2.4449127296783724e-02
  1.2800000000000000e+00   9.0959678338387984e-01   3.1470857732871095e-02   9.5425152681507548e-03   7.7919058547865213e-04   4.8610653029632293e-02   2.4945562554964978e-02
  1.2900000000000000e+00   9.0963001729526305e-01   3.1433732500312735e-02   9.5582145362902576e-03   7.8189826714789067e-04   4.8596137400998864e-02   2.5442335412142605e-02
  1.3000000000000000e+00   9.0966211927622675e-01   3.1397740296552276e-02   9.5738827686783975e-03   7.8460824138096459e-04   4.8581649417174598e-02   2.5939442204808372e-02
  1.3100000000000001e+00   9.0969312391037815e-01   3.1362846424229221e-02   9.5895201189475660e-03   7.8732048283245240e-04   4.8567189063625713e-02   2.6436879264661983e-02
  1.3200000000000001e+00   9.0972306472229447e-01   3.1329017248456402e-02   9.6051267372133722e-03   7.9003496604741384e-04   4.8552756326001555e-02   2.6934642917306371e-02
  1.3300000000000001e+00   9.0975197420995235e-01   3.1296220164285883e-02   9.6207027701824370e-03   7.9275166546268882e-04   4.8538351190130072e-02   2.7432729481096759e-02
  1.3400000000000001e+00   9.0977988387616382e-01   3.1264423565171097e-02   9.6362483612568977e-03   7.9547055540819497e-04   4.8523973642013427e-02   2.7931135266122988e-02
  1.3500000000000001e+00   9.0980682425905124e-01   3.1233596812394689e-02   9.6517636506357248e-03   7.9819161010822475e-04   4.8509623667823666e-02   2.8429856573309920e-02
  1.3600000000000001e+00   9.0983282496158691e-01   3.1203710205432528e-02   9.6672487754129090e-03   8.0091480368273821e-04   4.8495301253898525e-02   2.8928889693621652e-02
  1.3700000000000001e+00   9.0985791468022992e-01   3.1174734953225203e-02   9.6827038696726750e-03   8.0364011014865690e-04   4.8481006386737246e-02   2.9428230907355815e-02
  1.3799999999999999e+00   9.0988212123268508e-01   3.1146643146329211e-02   9.6981290645817633e-03   8.0636750342115285e-04   4.8466739052996588e-02   2.9927876483520133e-02
  1.3899999999999999e+00   9.0990547158481228e-01   3.1119407729920907e-02   9.7135244884788956e-03   8.0909695731493753e-04   4.8452499239486795e-02   3.0427822679279102e-02
  1.3999999999999999e+00   9.0992799187671203e-01   3.1093002477627085e-02   9.7288902669614985e-03   8.1182844554554697e-04   4.8438286933167776e-02   3.0928065739464536e-02
  1.4099999999999999e+00   9.0994970744801151e-01   3.1067401966156927e-02   9.7442265229697733e-03   8.1456194173062609e-04   4.8424102121145229e-02   3.1428601896141849e-02
  1.4199999999999999e+00   9.0997064286237705e-01   3.1042581550710730e-02   9.7595333768682041e-03   8.1729741939121027e-04   4.8409944790666973e-02   3.1929427368227362e-02
  1.4299999999999999e+00   9.0999082193127590e-01   3.1018517341141649e-02   9.7748109465245498e-03   8.2003485195300508e-04   4.8395814929119242e-02   3.2430538361148994e-02
  1.4399999999999999e+00   9.1001026773700988e-01   3.0995186178847365e-02   9.7900593473864463e-03   8.2277421274766450e-04   4.8381712524023145e-02   3.2931931066547453e-02
  1.4500000000000000e+00   9.1002900265504438e-01   3.0972565614369417e-02   9.8052786925556402e-03   8.2551547501406625e-04   4.8367637563031078e-02   3.3433601662013028e-02
  1.4600000000000000e+00   9.1004704837565342e-01   3.0950633885678407e-02   9.8204690928599611e-03   8.2825861189958700e-04   4.8353590033923359e-02   3.3935546310853909e-02
  1.4700000000000000e+00   9.1006442592490133e-01   3.0929369897124161e-02   9.8356306569230938e-03   8.3100359646137484e-04   4.8339569924604774e-02   3.4437761161893059e-02
  1.4800000000000000e+00   9.1008115568498316e-01   3.0908753199030466e-02   9.8507634912322097e-03   8.3375040166762068e-04   4.8325577223101310e-02   3.4940242349291488e-02
  1.4900000000000000e+00   9.1009725741394099e-01   3.0888763967914609e-02   9.8658677002035275e-03   8.3649900039882885e-04   4.8311611917556854e-02   3.5442985992393559e-02
  1.5000000000000000e+00   9.1011275026477712e-01   3.0869382987312663e-02   9.8809433862458787e-03   8.3924936544908573e-04   4.8297673996230035e-02   3.5945988195593762e-02
  1.5100000000000000e+00   9.1012765280398233e-01   3.0850591629191858e-02   9.8959906498223039e-03   8.4200146952732836e-04   4.8283763447491045e-02   3.6449245048222251e-02
  1.5200000000000000e+00   9.1014198302949567e-01   3.0832371835932206e-02   9.9110095895097970e-03   8.4475528525861142e-04   4.8269880259818571e-02   3.6952752624446555e-02
  1.5300000000000000e+00   9.1015575838811580e-01   3.0814706102859780e-02   9.9260003020571839e-03   8.4751078518537396e-04   4.8256024421796787e-02   3.7456506983189648e-02
  1.5400000000000000e+00   9.1016899579237776e-01   3.0797577461314916e-02   9.9409628824412583e-03   8.5026794176870559e-04   4.8242195922112333e-02   3.7960504168060905e-02
  1.5500000000000000e+00   9.1018171163691397e-01   3.0780969462238857e-02   9.9558974239211864e-03   8.5302672738961187e-04   4.8228394749551422e-02   3.8464740207300216e-02
  1.5600000000000001e+00   9.1019392181431358e-01   3.0764866160262982e-02   9.9708040180912418e-03   8.5578711435028022e-04   4.8214620892996968e-02   3.8969211113732888e-02
  1.5700000000000001e+00   9.1020564173049701e-01   3.0749252098285249e-02   9.9856827549319408e-03   8.5854907487534530e-04   4.8200874341425719e-02   3.9473912884735479e-02
  1.5800000000000001e+00   9.1021688631961817e-01   3.0734112292518937e-02   1.0000533722859589e-02   8.6131258111315427e-04   4.8187155083905524e-02   3.9978841502210517e-02
  1.5900000000000001e+00   9.1022767005851224e-01   3.0719432217999196e-02   1.0015357008774341e-02   8.6407760513703227e-04   4.8173463109592557e-02   4.0483992932570267e-02
  1.6000000000000001e+00   9.1023800698070012e-01   3.0705197794533411e-02   1.0030152698106759e-02   8.6684411894654876e-04   4.8159798407728660e-02   4.0989363126727560e-02
  1.6100000000000001e+00   9.1024791068996347e-01   3.0691395373081763e-02   1.0044920874862966e-02   8.6961209446878324e-04   4.8146160967638671e-02   4.1494948020094166e-02
  1.6200000000000001e+00   9.1025739437350517e-01   3.0678011722554865e-02   1.0059661621668400e-02   8.7238150355959331e-04   4.8132550778727808e-02   4.2000743532585941e-02
  1.6299999999999999e+00   9.1026647081470602e-01   3.0665034017015643e-02   1.0074375019810247e-02   8.7515231800488103e-04   4.8118967830479135e-02   4.2506745568633132e-02
  1.6399999999999999e+00   9.1027515240549162e-01   3.0652449823273108e-02   1.0089061149278555e-02   8.7792450952186229e-04   4.8105412112450993e-02   4.3012950017196655e-02
  1.6499999999999999e+00   9.1028345115831921e-01   3.0640247088856053e-02   1.0103720088806100e-02   8.8069804976033525e-04   4.8091883614274536e-02   4.3519352751788934e-02
  1.6599999999999999e+00   9.1029137871779908e-01   3.0628414130354973e-02   1.0118351915907028e-02   8.8347291030395163e-04   4.8078382325651252e-02   4.4025949630500029e-02
  1.6699999999999999e+00   9.1029894637195896e-01   3.0616939622120982e-02   1.0132956706914316e-02   8.8624906267148755e-04   4.8064908236350554e-02   4.4532736496026737e-02
  1.6799999999999999e+00   9.1030616506316397e-01   3.0605812585310786e-02   1.0147534537016074e-02   8.8902647831811668e-04   4.8051461336207413e-02   4.5039709175706918e-02
  1.6899999999999999e+00   9.1031304539870195e-01   3.0595022377267099e-02   1.0162085480290751e-02   8.9180512863668373e-04   4.8038041615119965e-02   4.5546863481556017e-02
  1.7000000000000000e+00   9.1031959766104487e-01   3.0584558681224255e-02   1.0176609609741245e-02   8.9458498495898029e-04   4.8024649063047216e-02   4.6054195210307659e-02
  1.7100000000000000e+00   9.1032583181779592e-01   3.0574411496329057e-02   1.0191106997327984e-02   8.9736601855702162e-04   4.8011283670006732e-02   4.6561700143457070e-02
  1.7200000000000000e+00   9.1033175753133189e-01   3.0564571127967153e-02   1.0205577714000980e-02   9.0014820064432497e-04   4.7997945426072414e-02   4.7069374047307155e-02
  1.7300000000000000e+00   9.1033738416815091e-01   3.0555028178385679e-02   1.0220021829730903e-02   9.0293150237719002e-04   4.7984634321372219e-02   4.7577212673017302e-02
  1.7400000000000000e+00   9.1034272080793277e-01   3.0545773537603037e-02   1.0234439413539211e-02   9.0571589485598074e-04   4.7971350346085982e-02   4.8085211756654311e-02
  1.7500000000000000e+00   9.1034777625232310e-01   3.0536798374596986e-02   1.0248830533527343e-02   9.0850134912640848e-04   4.7958093490443263e-02   4.8593367019245541e-02
  1.7600000000000000e+00   9.1035255903344758e-01   3.0528094128762628e-02   1.0263195256905026e-02   9.1128783618081826e-04   4.7944863744721143e-02   4.9101674166834273e-02
  1.7700000000000000e+00   9.1035707742216598e-01   3.0519652501631907e-02   1.0277533650017705e-02   9.1407532695947575e-04   4.7931661099242150e-02   4.9610128890537036e-02
  1.7800000000000000e+00   9.1036133943607356e-01   3.0511465448846690e-02   1.0291845778373146e-02   9.1686379235185673e-04   4.7918485544372134e-02   5.0118726866602140e-02
  1.7900000000000000e+00   9.1036535284725650e-01   3.0503525172377650e-02   1.0306131706667205e-02   9.1965320319793817e-04   4.7905337070518209e-02   5.0627463756470210e-02
  1.8000000000000000e+00   9.1036912518981117e-01   3.0495824112981386e-02   1.0320391498808815e-02   9.2244353028949244e-04   4.7892215668126688e-02   5.1136335206836421e-02
  1.8100000000000001e+00   9.1037266376713244e-01   3.0488354942888537e-02   1.0334625217944213e-02   9.2523474437138250e-04   4.7879121327681066e-02   5.1645336849714091e-02
  1.8200000000000001e+00   9.1037597565897876e-01   3.0481110558715805e-02   1.0348832926480405e-02   9.2802681614285944e-04   4.7866054039699991e-02   5.2154464302499155e-02
  1.8300000000000001e+00   9.1037906772832089e-01   3.0474084074594985e-02   1.0363014686107933e-02   9.3081971625886249e-04   4.7853013794735326e-02   5.2663713168036204e-02
  1.8400000000000001e+00   9.1038194662798122e-01   3.0467268815512424e-02   1.0377170557822914e-02   9.3361341533132166e-04   4.7840000583370137e-02   5.3173079034685732e-02
  1.8500000000000001e+00   9.1038461880707011e-01   3.0460658310852415e-02   1.0391300601948440e-02   9.3640788393046137e-04   4.7827014396216797e-02   5.3682557476392390e-02
  1.8600000000000001e+00   9.1038709051722366e-01   3.0454246288138306e-02   1.0405404878155274e-02   9.3920309258610773e-04   4.7814055223914999e-02   5.4192144052754444e-02
  1.8700000000000001e+00   9.1038936781865221e-01   3.0448026666965267e-02   1.0419483445481959e-02   9.4199901178899741e-04   4.7801123057129927e-02   5.4701834309093735e-02
  1.8799999999999999e+00   9.1039145658600296e-01   3.0441993553118846e-02   1.0433536362354270e-02   9.4479561199208885e-04   4.7788217886550306e-02   5.5211623776527136e-02
  1.8899999999999999e+00   9.1039336251404246e-01   3.0436141232873602e-02   1.0447563686604079e-02   9.4759286361187594e-04   4.7775339702886568e-02   5.5721507972038446e-02
  1.8999999999999999e+00   9.1039509112316597e-01   3.0430464167466340e-02   1.0461565475487659e-02   9.5039073702970383e-04   4.7762488496868996e-02   5.6231482398551136e-02
  1.9099999999999999e+00   9.1039664776473783e-01   3.0424956987738578e-02   1.0475541785703393e-02   9.5318920259308750e-04   4.7749664259245893e-02   5.6741542545002230e-02
