  0.0000000000000000e+00   8.4673500000000002e-01   9.5000000000000001e-02   7.1000000000000004e-03   4.6500000000000003e-04   5.0700000000000002e-02   3.7504686885757153e-08
  1.0000000000000000e-02   8.4515142877745519e-01   9.6532195687203864e-02   7.2429720303472962e-03   4.7397248323899431e-04   5.0599431021754591e-02   1.3519275216328878e-08
  2.0000000000000000e-02   8.4358774028780692e-01   9.8043687943811381e-02   7.3865026981264469e-03   4.8299206255279558e-04   5.0499077007702384e-02   1.3510217577726359e-08
  2.9999999999999999e-02   8.4204366969953215e-01   9.9534751918135100e-02   7.5305808992735890e-03   4.9205988940247060e-04   5.0398937593656566e-02   1.3501357901868779e-08
  4.0000000000000001e-02   8.4051895569437862e-01   1.0100565909959733e-01   7.6751956596608113e-03   5.0117713185351617e-04   5.0299012414509618e-02   1.3492691710263867e-08
  5.0000000000000003e-02   8.3901334042059783e-01   1.0245667736734147e-01   7.8203361335159420e-03   5.1034497421007235e-04   5.0199301104334536e-02   1.3484214648698160e-08
  5.9999999999999998e-02   8.3752656944680037e-01   1.0388807103819732e-01   7.9659916018240250e-03   5.1956461675047516e-04   5.0099803296427652e-02   1.3475922484456513e-08
  7.0000000000000007e-02   8.3605839171642349e-01   1.0530010091400879e-01   8.1121514707132875e-03   5.2883727550529815e-04   5.0000518623349019e-02   1.3467811103440546e-08
  8.0000000000000002e-02   8.3460855950280333e-01   1.0669302432833269e-01   8.2588052698284870e-03   5.3816418207462105e-04   4.9901446716960653e-02   1.3459876507217720e-08
  8.9999999999999997e-02   8.3317682836484441e-01   1.0806709519251678e-01   8.4059426506942585e-03   5.4754658348155354e-04   4.9802587208462715e-02   1.3452114810028191e-08
  1.0000000000000001e-01   8.3176295710327641e-01   1.0942256404116535e-01   8.5535533850708053e-03   5.5698574205932997e-04   4.9703939728427855e-02   1.3444522235771338e-08
  1.1000000000000000e-01   8.3036670771749177e-01   1.1075967807700055e-01   8.7016273633040292e-03   5.6648293536952314e-04   4.9605503906833825e-02   1.3437095114990910e-08
  1.2000000000000000e-01   8.2898784536295667e-01   1.1207868121512743e-01   8.8501545926719955e-03   5.7603945614916182e-04   4.9507279373094466e-02   1.3429829881873937e-08
  1.3000000000000000e-01   8.2762613830918574e-01   1.1337981412671058e-01   8.9991251957294363e-03   5.8565661228472221e-04   4.9409265756089268e-02   1.3422723071276348e-08
  1.4000000000000001e-01   8.2628135789827495e-01   1.1466331428207029e-01   9.1485294086518076e-03   5.9533572681115955e-04   4.9311462684191523e-02   1.3415771315785424e-08
  1.4999999999999999e-01   8.2495327850398426e-01   1.1592941599320578e-01   9.2983575795802572e-03   6.0507813793429831e-04   4.9213869785295197e-02   1.3408971342827822e-08
  1.6000000000000000e-01   8.2364167749136219e-01   1.1717835045575327e-01   9.4486001669687302e-03   6.1488519907505626e-04   4.9116486686840627e-02   1.3402319971829692e-08
  1.7000000000000001e-01   8.2234633517690614e-01   1.1841034579038626e-01   9.5992477379343178e-03   6.2475827893411007e-04   4.9019313015839096e-02   1.3395814111434387e-08
  1.7999999999999999e-01   8.2106703478925058e-01   1.1962562708366552e-01   9.7502909666117750e-03   6.3469876157573146e-04   4.8922348398896358e-02   1.3389450756781853e-08
  1.9000000000000000e-01   8.1980356243037589e-01   1.2082441642834606e-01   9.9017206325131401e-03   6.4470804652963607e-04   4.8825592462235209e-02   1.3383226986852931e-08
  2.0000000000000001e-01   8.1855570703733171e-01   1.2200693296314820e-01   1.0053527618893157e-02   6.5478754890979098e-04   4.8729044831717118e-02   1.3377139961880738e-08
  2.0999999999999999e-01   8.1732326034446645e-01   1.2317339291200008e-01   1.0205702911121236e-02   6.6493869954921284e-04   4.8632705132863017e-02   1.3371186920830733e-08
  2.2000000000000000e-01   8.1610601684615802e-01   1.2432400962275834e-01   1.0358237595060521e-02   6.7516294514988065e-04   4.8536572990873286e-02   1.3365365178950445e-08
  2.3000000000000001e-01   8.1490377376003742e-01   1.2545899360541413e-01   1.0511122855454596e-02   6.8546174844695930e-04   4.8440648030646939e-02   1.3359672125389272e-08
  2.3999999999999999e-01   8.1371633099069995e-01   1.2657855256979111e-01   1.0664349974322316e-02   6.9583658838660216e-04   4.8344929876800141e-02   1.3354105220888237e-08
  2.5000000000000000e-01   8.1254349109389590e-01   1.2768289146274237e-01   1.0817910329361132e-02   7.0628896031666344e-04   4.8249418153684012e-02   1.3348661995539608e-08
  2.6000000000000001e-01   8.1138505924119664e-01   1.2877221250485266e-01   1.0971795392359280e-02   7.1682037618971519e-04   4.8154112485401780e-02   1.3343340046615426e-08
  2.7000000000000002e-01   8.1024084318512690e-01   1.2984671522665284e-01   1.1125996727617122e-02   7.2743236477781025e-04   4.8059012495825365e-02   1.3338137036464253e-08
  2.8000000000000003e-01   8.0911065322475983e-01   1.3090659650435257e-01   1.1280505990377889e-02   7.3812647189848868e-04   4.7964117808611324e-02   1.3333050690474999e-08
  2.8999999999999998e-01   8.0799430217176615e-01   1.3195205059509812e-01   1.1435314925268048e-02   7.4890426065156706e-04   4.7869428047216299e-02   1.3328078795106519e-08
  2.9999999999999999e-01   8.0689160531691329e-01   1.3298326917176131e-01   1.1590415364747446e-02   7.5976731166629190e-04   4.7774942834911911e-02   1.3323219195981717e-08
  3.1000000000000000e-01   8.0580238039700736e-01   1.3400044135726580e-01   1.1745799227569378e-02   7.7071722335847947e-04   4.7680661794799156e-02   1.3318469796044520e-08
  3.2000000000000001e-01   8.0472644756227296e-01   1.3500375375845691e-01   1.1901458517250706e-02   7.8175561219729663e-04   4.7586584549822335e-02   1.3313828553778373e-08
  3.3000000000000002e-01   8.0366362934416302e-01   1.3599339049952122e-01   1.2057385320552054e-02   7.9288411298137035e-04   4.7492710722782508e-02   1.3309293481484503e-08
  3.4000000000000002e-01   8.0261375062359597e-01   1.3696953325496153e-01   1.2213571805968186e-02   8.0410437912394614e-04   4.7399039936350543e-02   1.3304862643618412e-08
  3.4999999999999998e-01   8.0157663859961159e-01   1.3793236128213349e-01   1.2370010222228557e-02   8.1541808294683987e-04   4.7305571813079712e-02   1.3300534155182828e-08
  3.5999999999999999e-01   8.0055212275844190e-01   1.3888205145334936e-01   1.2526692896808056e-02   8.2682691598295530e-04   4.7212305975417909e-02   1.3296306180175600e-08
  3.7000000000000000e-01   7.9954003484299063e-01   1.3981877828755504e-01   1.2683612234447915e-02   8.3833258928716194e-04   4.7119242045719489e-02   1.3292176930090726e-08
  3.8000000000000000e-01   7.9854020882271592e-01   1.4074271398158550e-01   1.2840760715686779e-02   8.4993683375535136e-04   4.7026379646256701e-02   1.3288144662471007e-08
  3.9000000000000001e-01   7.9755248086391128e-01   1.4165402844100472e-01   1.2998130895401838e-02   8.6164140045150845e-04   4.6933718399230800e-02   1.3284207679510538e-08
  4.0000000000000002e-01   7.9657668930037939e-01   1.4255288931053539e-01   1.3155715401360003e-02   8.7344806094265335e-04   4.6841257926782807e-02   1.3280364326705494e-08
  4.0999999999999998e-01   7.9561267460449181e-01   1.4343946200408386e-01   1.3313506932779013e-02   8.8535860764152817e-04   4.6748997851003941e-02   1.3276612991551685e-08
  4.1999999999999998e-01   7.9466027935863348e-01   1.4431390973436564e-01   1.3471498258898394e-02   8.9737485415691787e-04   4.6656937793945717e-02   1.3272952102287163e-08
  4.2999999999999999e-01   7.9371934822702173e-01   1.4517639354213693e-01   1.3629682217560170e-02   9.0949863565150974e-04   4.6565077377629750e-02   1.3269380126678555e-08
  4.4000000000000000e-01   7.9278972792789915e-01   1.4602707232503723e-01   1.3788051713799198e-02   9.2173180920720999e-04   4.6473416224057255e-02   1.3265895570849465e-08
  4.5000000000000001e-01   7.9187126720609280e-01   1.4686610286604823e-01   1.3946599718443017e-02   9.3407625419784826e-04   4.6381953955218255e-02   1.3262496978149584e-08
  4.6000000000000002e-01   7.9096381680593519e-01   1.4769363986157413e-01   1.4105319266721060e-02   9.4653387266921483e-04   4.6290690193100524e-02   1.3259182928063113e-08
  4.6999999999999997e-01   7.9006722944454399e-01   1.4850983594914838e-01   1.4264203456883104e-02   9.5910658972638333e-04   4.6199624559698248e-02   1.3255952035155040e-08
  4.7999999999999998e-01   7.8918135978545279e-01   1.4931484173477172e-01   1.4423245448826802e-02   9.7179635392828677e-04   4.6108756677020406e-02   1.3252802948054104e-08
  4.8999999999999999e-01   7.8830606441259077e-01   1.5010880581988661e-01   1.4582438462734141e-02   9.8460513768951945e-04   4.6018086167098932e-02   1.3249734348471000e-08
  5.0000000000000000e-01   7.8744120180460464e-01   1.5089187482799268e-01   1.4741775777716657e-02   9.9753493768934914e-04   4.5927612651996595e-02   1.3246744950250689e-08
  5.1000000000000001e-01   7.8658663230952020e-01   1.5166419343090787e-01   1.4901250730469265e-02   1.0105877752879361e-03   4.5837335753814663e-02   1.3243833498457539e-08
  5.2000000000000002e-01   7.8574221811973699e-01   1.5242590437468034e-01   1.5060856713932494e-02   1.0237656969497523e-03   4.5747255094700304e-02   1.3240998768492206e-08
  5.3000000000000003e-01   7.8490782324735331e-01   1.5317714850515554e-01   1.5220587175962993e-02   1.0370707746742173e-03   4.5657370296853766e-02   1.3238239565239094e-08
  5.4000000000000004e-01   7.8408331349981597e-01   1.5391806479320280e-01   1.5380435618012087e-02   1.0505051064335605e-03   4.5567680982535358e-02   1.3235554722243299e-08
  5.5000000000000004e-01   7.8326855645589100e-01   1.5464879035960644e-01   1.5540395593812229e-02   1.0640708166179344e-03   4.5478186774072192e-02   1.3232943100916096e-08
  5.6000000000000005e-01   7.8246342144195069e-01   1.5536946049962538e-01   1.5700460708071143e-02   1.0777700564878051e-03   4.5388887293864678e-02   1.3230403589767792e-08
  5.6999999999999995e-01   7.8166777950857369e-01   1.5608020870722605e-01   1.5860624615173468e-02   1.0916050046336577e-03   4.5299782164392878e-02   1.3227935103667085e-08
  5.7999999999999996e-01   7.8088150340745177e-01   1.5678116669899259e-01   1.6020881017889722e-02   1.1055778674430501e-03   4.5210871008222610e-02   1.3225536583126126e-08
  5.8999999999999997e-01   7.8010446756860219e-01   1.5747246443771881e-01   1.6181223666092398e-02   1.1196908795750675e-03   4.5122153448011348e-02   1.3223206993610043e-08
  5.9999999999999998e-01   7.7933654807787844e-01   1.5815423015568614e-01   1.6341646355478932e-02   1.1339463044422215e-03   4.5033629106513963e-02   1.3220945324870448e-08
  6.0999999999999999e-01   7.7857762265477859e-01   1.5882659037763161e-01   1.6502142926301450e-02   1.1483464346998499e-03   4.4945297606588226e-02   1.3218750590301818e-08
  6.2000000000000000e-01   7.7782757063054342e-01   1.5948966994341007e-01   1.6662707262102977e-02   1.1628935927430765e-03   4.4857158571200179e-02   1.3216621826320140e-08
  6.3000000000000000e-01   7.7708627292654442e-01   1.6014359203035464e-01   1.6823333288460019e-02   1.1775901312113940e-03   4.4769211623429242e-02   1.3214558091762905e-08
  6.4000000000000001e-01   7.7635361203295494e-01   1.6078847817533942e-01   1.6984014971731201e-02   1.1924384335009351e-03   4.4681456386473230e-02   1.3212558467309854e-08
  6.5000000000000002e-01   7.7562947198770171e-01   1.6142444829654853e-01   1.7144746317811856e-02   1.2074409142845016e-03   4.4593892483653121e-02   1.3210622054923693e-08
  6.6000000000000003e-01   7.7491373835569333e-01   1.6205162071495510e-01   1.7305521370894281e-02   1.2226000200394310e-03   4.4506519538417673e-02   1.3208747977310026e-08
  6.7000000000000004e-01   7.7420629820832088e-01   1.6267011217551419e-01   1.7466334212233512e-02   1.2379182295833686e-03   4.4419337174347880e-02   1.3206935377396097e-08
  6.8000000000000005e-01   7.7350704010322857e-01   1.6328003786807360e-01   1.7627178958918400e-02   1.2533980546180353e-03   4.4332345015161242e-02   1.3205183417827440e-08
  6.8999999999999995e-01   7.7281585406434916e-01   1.6388151144800608e-01   1.7788049762647716e-02   1.2690420402810675e-03   4.4245542684715880e-02   1.3203491280481994e-08
  6.9999999999999996e-01   7.7213263156220158e-01   1.6447464505656667e-01   1.7948940808511164e-02   1.2848527657060168e-03   4.4158929807014483e-02   1.3201858166001073e-08
  7.0999999999999996e-01   7.7145726549444726e-01   1.6505954934097886e-01   1.8109846313775081e-02   1.3008328445906010e-03   4.4072506006208073e-02   1.3200283293336690e-08
  7.1999999999999997e-01   7.7078965016670120e-01   1.6563633347425316e-01   1.8270760526672543e-02   1.3169849257732966e-03   4.3986270906599657e-02   1.3198765899314550e-08
  7.2999999999999998e-01   7.7012968127359427e-01   1.6620510517474171e-01   1.8431677725197750e-02   1.3333116938183630e-03   4.3900224132647665e-02   1.3197305238212421e-08
  7.3999999999999999e-01   7.6947725588008431e-01   1.6676597072543220e-01   1.8592592215904456e-02   1.3498158696094019e-03   4.3814365308969282e-02   1.3195900581353247e-08
  7.5000000000000000e-01   7.6883227240301166e-01   1.6731903499298473e-01   1.8753498332708226e-02   1.3665002109515439e-03   4.3728694060343597e-02   1.3194551216712525e-08
  7.6000000000000001e-01   7.6819463059289550e-01   1.6786440144651502e-01   1.8914390435692294e-02   1.3833675131823648e-03   4.3643210011714603e-02   1.3193256448539658e-08
  7.7000000000000002e-01   7.6756423151596986e-01   1.6840217217612724e-01   1.9075262909916901e-02   1.4004206097916359e-03   4.3557912788194063e-02   1.3192015596992677e-08
  7.8000000000000003e-01   7.6694097753645407e-01   1.6893244791119977e-01   1.9236110164231778e-02   1.4176623730500105e-03   4.3472802015064219e-02   1.3190827997786028e-08
  7.9000000000000004e-01   7.6632477229905360e-01   1.6945532803842739e-01   1.9396926630091682e-02   1.4350957146467523e-03   4.3387877317780335e-02   1.3189693001850958e-08
  8.0000000000000004e-01   7.6571552071169247e-01   1.6997091061962280e-01   1.9557706760374726e-02   1.4527235863366157e-03   4.3303138321973147e-02   1.3188609975008264e-08
  8.1000000000000005e-01   7.6511312892846861e-01   1.7047929240928081e-01   1.9718445028203285e-02   1.4705489805959852e-03   4.3218584653451103e-02   1.3187578297652827e-08
  8.1999999999999995e-01   7.6451750433283339e-01   1.7098056887190832e-01   1.9879135925767316e-02   1.4885749312883853e-03   4.3134215938202512e-02   1.3186597364449809e-08
  8.2999999999999996e-01   7.6392855552098982e-01   1.7147483419912332e-01   2.0039773963149862e-02   1.5068045143394747e-03   4.3050031802397547e-02   1.3185666584042038e-08
  8.3999999999999997e-01   7.6334619228550793e-01   1.7196218132652580e-01   2.0200353667154551e-02   1.5252408484216346e-03   4.2966031872390065e-02   1.3184785378768335e-08
  8.4999999999999998e-01   7.6277032559915392e-01   1.7244270195034361e-01   2.0360869580134878e-02   1.5438870956482702e-03   4.2882215774719352e-02   1.3183953184392426e-08
  8.5999999999999999e-01   7.6220086759892924e-01   1.7291648654385630e-01   2.0521316258825063e-02   1.5627464622779369e-03   4.2798583136111693e-02   1.3183169449842219e-08
  8.7000000000000000e-01   7.6163773157031778e-01   1.7338362437359983e-01   2.0681688273172315e-02   1.5818221994284127e-03   4.2715133583481793e-02   1.3182433636959146e-08
  8.8000000000000000e-01   7.6108083193173959e-01   1.7384420351535529e-01   2.0841980205170273e-02   1.6011176038008296e-03   4.2631866743934120e-02   1.3181745220257279e-08
  8.9000000000000001e-01   7.6053008421920487e-01   1.7429831086992389e-01   2.1002186647693447e-02   1.6206360184139866e-03   4.2548782244764050e-02   1.3181103686691981e-08
  9.0000000000000002e-01   7.5998540507116807e-01   1.7474603217869178e-01   2.1162302203332456e-02   1.6403808333489633e-03   4.2465879713458922e-02   1.3180508535437896e-08
  9.1000000000000003e-01   7.5944671221358018e-01   1.7518745203898706e-01   2.1322321483229878e-02   1.6603554865041502e-03   4.2383158777698951e-02   1.3179959277676016e-08
  9.2000000000000004e-01   7.5891392444513328e-01   1.7562265391923162e-01   2.1482239105916488e-02   1.6805634643608223e-03   4.2300619065357987e-02   1.3179455436389596e-08
  9.3000000000000005e-01   7.5838696162269781e-01   1.7605172017389104e-01   2.1642049696147747e-02   1.7010083027593742e-03   4.2218260204504178e-02   1.3178996546168706e-08
  9.3999999999999995e-01   7.5786574464694834e-01   1.7647473205822461e-01   2.1801747883740286e-02   1.7216935876863365e-03   4.2136081823400492e-02   1.3178582153023305e-08
  9.4999999999999996e-01   7.5735019544817594e-01   1.7689176974283846e-01   2.1961328302408271e-02   1.7426229560723015e-03   4.2054083550505106e-02   1.3178211814204521e-08
  9.5999999999999996e-01   7.5684023697228364e-01   1.7730291232804443e-01   2.2120785588599392e-02   1.7638000966008721e-03   4.1972265014471662e-02   1.3177885098034077e-08
  9.6999999999999997e-01   7.5633579316696431e-01   1.7770823785802711e-01   2.2280114380330344e-02   1.7852287505287655e-03   4.1890625844149404e-02   1.3177601583741614e-08
  9.7999999999999998e-01   7.5583678896805639e-01   1.7810782333482159e-01   2.2439309316021581e-02   1.8069127125171843e-03   4.1809165668583191e-02   1.3177360861309800e-08
  9.8999999999999999e-01   7.5534315028607624e-01   1.7850174473210448e-01   2.2598365033331198e-02   1.8288558314745889e-03   4.1727884117013385e-02   1.3177162531327055e-08
  1.0000000000000000e+00   7.5485480399292504e-01   1.7889007700880069e-01   2.2757276167987710e-02   1.8510620114109814e-03   4.1646780818875587e-02   1.3177006204847745e-08
  1.0100000000000000e+00   7.5437167790876591e-01   1.7927289412250833e-01   2.2916037352621623e-02   1.8735352123038309e-03   4.1565855403800291e-02   1.3176891503259690e-08
  1.0200000000000000e+00   7.5389370078907214e-01   1.7965026904274423e-01   2.3074643215595533e-02   1.8962794509757607e-03   4.1485107501612384e-02   1.3176818058158942e-08
  1.0300000000000000e+00   7.5342080231184039e-01   1.8002227376401223e-01   2.3233088379832692e-02   1.9192988019841144e-03   4.1404536742330529e-02   1.3176785511231596e-08
  1.0400000000000000e+00   7.5295291306497036e-01   1.8038897931869691e-01   2.3391367461643754e-02   1.9425973985225278e-03   4.1324142756166422e-02   1.3176793514142629e-08
  1.0500000000000000e+00   7.5248996453380501e-01   1.8075045578978485e-01   2.3549475069551604e-02   1.9661794333346192e-03   4.1243925173523932e-02   1.3176841728431538e-08
  1.0600000000000001e+00   7.5203188908883212e-01   1.8110677232341571e-01   2.3707405803114107e-02   1.9900491596399235e-03   4.1163883624998114e-02   1.3176929825414848e-08
  1.0700000000000001e+00   7.5157861997354380e-01   1.8145799714126537e-01   2.3865154251744573e-02   2.0142108920721828e-03   4.1084017741374108e-02   1.3177057486095242e-08
  1.0800000000000001e+00   7.5113009129245079e-01   1.8180419755276342e-01   2.4022714993529825e-02   2.0386690076301139e-03   4.1004327153625883e-02   1.3177224401077232e-08
  1.0900000000000001e+00   7.5068623799925149e-01   1.8214543996714724e-01   2.4180082594045655e-02   2.0634279466407667e-03   4.0924811492914895e-02   1.3177430270489507e-08
  1.1000000000000001e+00   7.5024699588515154e-01   1.8248178990535469e-01   2.4337251605169585e-02   2.0884922137355878e-03   4.0845470390588626e-02   1.3177674803913548e-08
  1.1100000000000001e+00   7.4981230156733369e-01   1.8281331201175735e-01   2.4494216563890735e-02   2.1138663788393013e-03   4.0766303478178958e-02   1.3177957720318713e-08
  1.1200000000000001e+00   7.4938209247757415e-01   1.8314007006573707e-01   2.4650971991116648e-02   2.1395550781717191e-03   4.0687310387400477e-02   1.3178278748003630e-08
  1.1299999999999999e+00   7.4895630685100478e-01   1.8346212699310716e-01   2.4807512390476960e-02   2.1655630152625891e-03   4.0608490750148621e-02   1.3178637624543741e-08
  1.1399999999999999e+00   7.4853488371501842e-01   1.8377954487738066e-01   2.4963832247123740e-02   2.1918949619795878e-03   4.0529844198497707e-02   1.3179034096745232e-08
  1.1499999999999999e+00   7.4811776287831555e-01   1.8409238497088773e-01   2.5119926026528398e-02   2.2185557595695619e-03   4.0451370364698862e-02   1.3179467920604962e-08
  1.1599999999999999e+00   7.4770488492009024e-01   1.8440070770574390e-01   2.5275788173274992e-02   2.2455503197131230e-03   4.0373068881177823e-02   1.3179938861276550e-08
  1.1699999999999999e+00   7.4729619117935353e-01   1.8470457270467139e-01   2.5431413109849817e-02   2.2728836255926956e-03   4.0294939380532580e-02   1.3180446693042564e-08
  1.1799999999999999e+00   7.4689162374439244e-01   1.8500403879167523e-01   2.5586795235427187e-02   2.3005607329741116e-03   4.0216981495530962e-02   1.3180991199292777e-08
  1.1899999999999999e+00   7.4649112544236240e-01   1.8529916400257643e-01   2.5741928924651217e-02   2.3285867713018493e-03   4.0139194859108052e-02   1.3181572172508420e-08
  1.2000000000000000e+00   7.4609463982901125e-01   1.8559000559540359e-01   2.5896808526413559e-02   2.3569669448080099e-03   4.0061579104363497e-02   1.3182189414252373e-08
  1.2100000000000000e+00   7.4570211117853402e-01   1.8587662006064526e-01   2.6051428362626930e-02   2.3857065336351127e-03   3.9984133864558700e-02   1.3182842735165475e-08
  1.2200000000000000e+00   7.4531348447355439e-01   1.8615906313136457e-01   2.6205782726994361e-02   2.4148108949727989e-03   3.9906858773113889e-02   1.3183531954968730e-08
  1.2300000000000000e+00   7.4492870539523426e-01   1.8643738979317823e-01   2.6359865883774036e-02   2.4442854642085241e-03   3.9829753463605053e-02   1.3184256902471430e-08
  1.2400000000000000e+00   7.4454772031350602e-01   1.8671165429410130e-01   2.6513672066539654e-02   2.4741357560923100e-03   3.9752817569760783e-02   1.3185017415585404e-08
  1.2500000000000000e+00   7.4417047627742927e-01   1.8698191015426005e-01   2.6667195476936179e-02   2.5043673659156385e-03   3.9676050725458968e-02   1.3185813341345063e-08
  1.2600000000000000e+00   7.4379692100566730e-01   1.8724821017547397e-01   2.6820430283430952e-02   2.5349859707045445e-03   3.9599452564723372e-02   1.3186644535933489e-08
  1.2700000000000000e+00   7.4342700287708374e-01   1.8751060645070924e-01   2.6973370620060021e-02   2.5659973304269761e-03   3.9523022721720098e-02   1.3187510864714530e-08
  1.2800000000000000e+00   7.4306067092145700e-01   1.8776915037340502e-01   2.7126010585169672e-02   2.5974072892144804e-03   3.9446760830753942e-02   1.3188412202270840e-08
  1.2900000000000000e+00   7.4269787481030991e-01   1.8802389264667432e-01   2.7278344240153057e-02   2.6292217765982668e-03   3.9370666526264586e-02   1.3189348432447993e-08
  1.3000000000000000e+00   7.4233856484785476e-01   1.8827488329238115e-01   2.7430365608181861e-02   2.6614468087596929e-03   3.9294739442822718e-02   1.3190319448404550e-08
  1.3100000000000001e+00   7.4198269196205069e-01   1.8852217166009547e-01   2.7582068672932985e-02   2.6940884897952147e-03   3.9218979215125974e-02   1.3191325152668262e-08
  1.3200000000000001e+00   7.4163020769577181e-01   1.8876580643592758e-01   2.7733447377310146e-02   2.7271530129958396e-03   3.9143385477994827e-02   1.3192365457198364e-08
  1.3300000000000001e+00   7.4128106419808681e-01   1.8900583565124365e-01   2.7884495622160405e-02   2.7606466621411052e-03   3.9067957866368283e-02   1.3193440283453897e-08
  1.3400000000000001e+00   7.4093521421564379e-01   1.8924230669126374e-01   2.8035207264985571e-02   2.7945758128076104e-03   3.8992696015299505e-02   1.3194549562468336e-08
  1.3500000000000001e+00   7.4059261108416441e-01   1.8947526630354405e-01   2.8185576118648442e-02   2.8289469336921073e-03   3.8917599559951291e-02   1.3195693234930300e-08
  1.3600000000000001e+00   7.4025320872004086e-01   1.8970476060634484e-01   2.8335595950073879e-02   2.8637665879491674e-03   3.8842668135591438e-02   1.3196871251270614e-08
  1.3700000000000001e+00   7.3991696161203868e-01   1.8993083509688535e-01   2.8485260478944736e-02   2.8990414345434153e-03   3.8767901377587968e-02   1.3198083571755589e-08
  1.3799999999999999e+00   7.3958382481309926e-01   1.9015353465948767e-01   2.8634563376392589e-02   2.9347782296163263e-03   3.8693298921404252e-02   1.3199330166586655e-08
  1.3899999999999999e+00   7.3925375393224491e-01   1.9037290357361036e-01   2.8783498263683316e-02   2.9709838278675605e-03   3.8618860402594019e-02   1.3200611016006529e-08
  1.3999999999999999e+00   7.3892670512658176e-01   1.9058898552177386e-01   2.8932058710897553e-02   3.0076651839508195e-03   3.8544585456796177e-02   1.3201926110411642e-08
  1.4099999999999999e+00   7.3860263509340163e-01   1.9080182359737882e-01   2.9080238235606019e-02   3.0448293538841787e-03   3.8470473719729587e-02   1.3203275450471257e-08
  1.4199999999999999e+00   7.3828150106237922e-01   1.9101146031241875e-01   2.9228030301539788e-02   3.0824834964748504e-03   3.8396524827187674e-02   1.3204659047253108e-08
  1.4299999999999999e+00   7.3796326078786512e-01   1.9121793760508837e-01   2.9375428317255543e-02   3.1206348747583258e-03   3.8322738415032934e-02   1.3206076922355759e-08
  1.4399999999999999e+00   7.3764787254127206e-01   1.9142129684728929e-01   2.9522425634795884e-02   3.1592908574518243e-03   3.8249114119191283e-02   1.3207529108047650e-08
  1.4500000000000000e+00   7.3733529510355356e-01   1.9162157885203382e-01   2.9669015548344752e-02   3.1984589204219743e-03   3.8175651575646306e-02   1.3209015647412970e-08
  1.4600000000000000e+00   7.3702548775777343e-01   1.9181882388074889e-01   2.9815191292878046e-02   3.2381466481666279e-03   3.8102350420433403e-02   1.3210536594504460e-08
  1.4700000000000000e+00   7.3671841028176555e-01   1.9201307165048090e-01   2.9960946042809584e-02   3.2783617353107186e-03   3.8029210289633748e-02   1.3212092014503187e-08
  1.4800000000000000e+00   7.3641402294088099e-01   1.9220436134100294e-01   3.0106272910632455e-02   3.3191119881160374e-03   3.7956230819368178e-02   1.3213681983885338e-08
  1.4900000000000000e+00   7.3611228648082305e-01   1.9239273160182582e-01   3.0251164945555908e-02   3.3604053260048016e-03   3.7883411645790940e-02   1.3215306590596213e-08
  1.5000000000000000e+00   7.3581316212056846e-01   1.9257822055911392e-01   3.0395615132137940e-02   3.4022497830968747e-03   3.7810752405083310e-02   1.3216965934231537e-08
  1.5100000000000000e+00   7.3551661154537207e-01   1.9276086582250720e-01   3.0539616388913709e-02   3.4446535097604801e-03   3.7738252733447074e-02   1.3218660126225922e-08
  1.5200000000000000e+00   7.3522259689985570e-01   1.9294070449185075e-01   3.0683161567019949e-02   3.4876247741762365e-03   3.7665912267097916e-02   1.3220389290049061e-08
  1.5300000000000000e+00   7.3493108078117930e-01   1.9311777316383269e-01   3.0826243448815571e-02   3.5311719639143316e-03   3.7593730642258648e-02   1.3222153561409189e-08
  1.5400000000000000e+00   7.3464202623229269e-01   1.9329210793853221e-01   3.0968854746498638e-02   3.5753035875246242e-03   3.7521707495152323e-02   1.3223953088464415e-08
  1.5500000000000000e+00   7.3435539673526762e-01   1.9346374442587824e-01   3.1110988100719938e-02   3.6200282761394602e-03   3.7449842461995238e-02   1.3225788032041742e-08
  1.5600000000000001e+00   7.3407115620470786e-01   1.9363271775202046e-01   3.1252636079193395e-02   3.6653547850889678e-03   3.7378135178989795e-02   1.3227658565863952e-08
  1.5700000000000001e+00   7.3378926898123764e-01   1.9379906256561361e-01   3.1393791175303519e-02   3.7112919955285695e-03   3.7306585282317235e-02   1.3229564876784510e-08
  1.5800000000000001e+00   7.3350969982506542e-01   1.9396281304401611e-01   3.1534445806710269e-02   3.7578489160784430e-03   3.7235192408130259e-02   1.3231507165030690e-08
  1.5900000000000001e+00   7.3323241390962468e-01   1.9412400289940432e-01   3.1674592313951457e-02   3.8050346844746333e-03   3.7163956192545505e-02   1.3233485644454717e-08
  1.6000000000000001e+00   7.3295737681528672e-01   1.9428266538480329e-01   3.1814222959043126e-02   3.8528585692315146e-03   3.7092876271635919e-02   1.3235500542793461e-08
  1.6100000000000001e+00   7.3268455452314862e-01   1.9443883330003545e-01   3.1953329924078226e-02   3.9013299713152503e-03   3.7021952281422993e-02   1.3237552101936642e-08
  1.6200000000000001e+00   7.3241391340889228e-01   1.9459253899758777e-01   3.2091905309823796e-02   3.9504584258279098e-03   3.6951183857868865e-02   1.3239640578203494e-08
  1.6299999999999999e+00   7.3214542023671425e-01   1.9474381438839913e-01   3.2229941134317167e-02   4.0002536037018624e-03   3.6880570636868303e-02   1.3241766242628424e-08
  1.6399999999999999e+00   7.3187904215332611e-01   1.9489269094756845e-01   3.2367429331461556e-02   4.0507253134040456e-03   3.6810112254240579e-02   1.3243929381255338e-08
  1.6499999999999999e+00   7.3161474668202398e-01   1.9503919971998454e-01   3.2504361749621319e-02   4.1018835026496803e-03   3.6739808345721194e-02   1.3246130295441267e-08
  1.6599999999999999e+00   7.3135250171682564e-01   1.9518337132587912e-01   3.2640730150217498e-02   4.1537382601249968e-03   3.6669658546953476e-02   1.3248369302168870e-08
  1.6699999999999999e+00   7.3109227551667444e-01   1.9532523596630386e-01   3.2776526206323986e-02   4.2062998172184788e-03   3.6599662493480102e-02   1.3250646734368645e-08
  1.6799999999999999e+00   7.3083403669970937e-01   1.9546482342853211e-01   3.2911741501264795e-02   4.2595785497601428e-03   3.6529819820734416e-02   1.3252962941250332e-08
  1.6899999999999999e+00   7.3057775423760118e-01   1.9560216309138667e-01   3.3046367527212996e-02   4.3135849797683199e-03   3.6460130164031698e-02   1.3255318288644040e-08
  1.7000000000000000e+00   7.3032339744995078e-01   1.9573728393049450e-01   3.3180395683791851e-02   4.3683297772033726e-03   3.6390593158560261e-02   1.3257713159351261e-08
  1.7100000000000000e+00   7.3007093599875283e-01   1.9587021452346912e-01   3.3313817276678641e-02   4.4238237617277854e-03   3.6321208439372456e-02   1.3260147953505786e-08
  1.7200000000000000e+00   7.2982033988291950e-01   1.9600098305502189e-01   3.3446623516211825e-02   4.4800779044719893e-03   3.6251975641375535e-02   1.3262623088944668e-08
  1.7300000000000000e+00   7.2957157943286799e-01   1.9612961732200296e-01   3.3578805516002147e-02   4.5371033298053009e-03   3.6182894399322402e-02   1.3265139001589581e-08
  1.7400000000000000e+00   7.2932462530516617e-01   1.9625614473837269e-01   3.3710354291548318e-02   4.5949113171112766e-03   3.6113964347802237e-02   1.3267696145838607e-08
  1.7500000000000000e+00   7.2907944847724004e-01   1.9638059234010496e-01   3.3841260758857947e-02   4.6535133025667847e-03   3.6045185121231012e-02   1.3270294994968595e-08
  1.7600000000000000e+00   7.2883602024213801e-01   1.9650298679002243e-01   3.3971515733074463e-02   4.7129208809240600e-03   3.5976556353841879e-02   1.3272936041548353e-08
  1.7700000000000000e+00   7.2859431220335436e-01   1.9662335438256540e-01   3.4101109927110670e-02   4.7731458072949361e-03   3.5908077679675424e-02   1.3275619797862854e-08
  1.7800000000000000e+00   7.2835429626970993e-01   1.9674172104849466e-01   3.4230033950289888e-02   4.8341999989364778e-03   3.5839748732569857e-02   1.3278346796348475e-08
  1.7900000000000000e+00   7.2811594465028795e-01   1.9685811235952949e-01   3.4358278306995255e-02   4.8960955370371349e-03   3.5771569146151011e-02   1.3281117590039782e-08
  1.8000000000000000e+00   7.2787922984942643e-01   1.9697255353292142e-01   3.4485833395328194e-02   4.9588446685025402e-03   3.5703538553822280e-02   1.3283932753027583e-08
  1.8100000000000001e+00   7.2764412466176487e-01   1.9708506943596471e-01   3.4612689505776922e-02   5.0224598077400345e-03   3.5635656588754429e-02   1.3286792880928857e-08
  1.8200000000000001e+00   7.2741060216734477e-01   1.9719568459044429e-01   3.4738836819895730e-02   5.0869535384409290e-03   3.5567922883875287e-02   1.3289698591368590e-08
  1.8300000000000001e+00   7.2717863572676367e-01   1.9730442317702224e-01   3.4864265408996224e-02   5.1523386153595231e-03   3.5500337071859331e-02   1.3292650524473531e-08
  1.8400000000000001e+00   7.2694819897638141e-01   1.9741130903956319e-01   3.4988965232851374e-02   5.2186279660878104e-03   3.5432898785117170e-02   1.3295649343378431e-08
  1.8500000000000001e+00   7.2671926582357826e-01   1.9751636568939976e-01   3.5112926138413367e-02   5.2858346928247877e-03   3.5365607655784892e-02   1.3298695734744646e-08
  1.8600000000000001e+00   7.2649181044206346e-01   1.9761961630953861e-01   3.5236137858546436e-02   5.3539720741392219e-03   3.5298463315713346e-02   1.3301790409291439e-08
  1.8700000000000001e+00   7.2626580726723522e-01   1.9772108375880823e-01   3.5358590010775737e-02   5.4230535667247051e-03   3.5231465396457280e-02   1.3304934102340194e-08
  1.8799999999999999e+00   7.2604123099158901e-01   1.9782079057594870e-01   3.5480272096053325e-02   5.4930928071457536e-03   3.5164613529264400e-02   1.3308127574371708e-08
  1.8899999999999999e+00   7.2581805656017606e-01   1.9791875898364464e-01   3.5601173497542549e-02   5.5641036135736901e-03   3.5097907345064322e-02   1.3311371611596697e-08
  1.8999999999999999e+00   7.2559625916610904e-01   1.9801501089250184e-01   3.5721283479422057e-02   5.6360999875109587e-03   3.5031346474457416e-02   1.3314667026539935e-08
  1.9099999999999999e+00   7.2537581424611608e-01   1.9810956790496848e-01   3.5840591185710653e-02   5.7090961155025228e-03   3.4964930547703596e-02   1.3318014658637984e-08
  1.9199999999999999e+00   7.2515669747614153e-01   1.9820245131920147e-01   3.5959085639114381e-02   5.7831063708328988e-03   3.4898659194710926e-02   1.3321415374850941e-08
  1.9299999999999999e+00   7.2493888476699364e-01   1.9829368213287882e-01   3.6076755739897173e-02   5.8581453152073502e-03   3.4832532045024227e-02   1.3324870070288255e-08
  1.9399999999999999e+00   7.2472235226003690e-01   1.9838328104695852e-01   3.6193590264776532e-02   5.9342277004157135e-03   3.4766548727813561e-02   1.3328379668848908e-08
  1.9500000000000000e+00   7.2450707632293077e-01   1.9847126846938501e-01   3.6309577865845606e-02   6.0113684699772598e-03   3.4700708871862607e-02   1.3331945123876197e-08
  1.9600000000000000e+00   7.2429303354541241e-01   1.9855766451874352e-01   3.6424707069523353e-02   6.0895827607649446e-03   3.4635012105556987e-02   1.3335567418827308e-08
  1.9700000000000000e+00   7.2408020073512402e-01   1.9864248902786313e-01   3.6538966275534164e-02   6.1688859046073541e-03   3.4569458056872490e-02   1.3339247567957891e-08
  1.9800000000000000e+00   7.2386855491348323e-01   1.9872576154736948e-01   3.6652343755918727e-02   6.2492934298665698e-03   3.4504046353363224e-02   1.3342986617021851e-08
  1.9900000000000000e+00   7.2365807331159648e-01   1.9880750134918718e-01   3.6764827654077722e-02   6.3308210629901560e-03   3.4438776622149697e-02   1.3346785643986611e-08
  2.0000000000000000e+00   7.2344873336621562e-01   1.9888772742999333e-01   3.6876405983850072e-02   6.4134847300353539e-03   3.4373648489906844e-02   1.3350645759764121e-08
  2.0099999999999998e+00   7.2324051271573586e-01   1.9896645851462222e-01   3.6987066628627573e-02   6.4973005581635702e-03   3.4308661582851931e-02   1.3354568108957708e-08
  2.0200000000000000e+00   7.2303338919623583e-01   1.9904371305942214e-01   3.7096797340507706e-02   6.5822848771031348e-03   3.4243815526732488e-02   1.3358553870625128e-08
  2.0299999999999998e+00   7.2282734083755751e-01   1.9911950925556490e-01   3.7205585739486596e-02   6.6684542205782717e-03   3.4179109946814092e-02   1.3362604259057969e-08
  2.0400000000000000e+00   7.2262234585942853e-01   1.9919386503230865e-01   3.7313419312693850e-02   6.7558253277021181e-03   3.4114544467868137e-02   1.3366720524577655e-08
  2.0499999999999998e+00   7.2241838266762393e-01   1.9926679806021458e-01   3.7420285413671622e-02   6.8444151443316338e-03   3.4050118714159562e-02   1.3370903954348314e-08
  2.0600000000000001e+00   7.2221542985016673e-01   1.9933832575431826e-01   3.7526171261699666e-02   6.9342408243820855e-03   3.3985832309434527e-02   1.3375155873206731e-08
  2.0699999999999998e+00   7.2201346617356965e-01   1.9940846527725614e-01   3.7631063941168656e-02   7.0253197310987990e-03   3.3921684876908040e-02   1.3379477644509575e-08
  2.0800000000000001e+00   7.2181247057911424e-01   1.9947723354234778e-01   3.7734950401003907e-02   7.1176694382837583e-03   3.3857676039251550e-02   1.3383870670998195e-08
  2.0899999999999999e+00   7.2161242217916988e-01   1.9954464721663448e-01   3.7837817454141796e-02   7.2113077314745738e-03   3.3793805418580500e-02   1.3388336395681265e-08
  2.1000000000000001e+00   7.2141330025354999e-01   1.9961072272387492e-01   3.7939651777061122e-02   7.3062526090732736e-03   3.3730072636441899e-02   1.3392876302735296e-08
  2.1099999999999999e+00   7.2121508424590697e-01   1.9967547624749832e-01   3.8040439909371761e-02   7.4025222834223020e-03   3.3666477313801811e-02   1.3397491918423556e-08
  2.1200000000000001e+00   7.2101775376016441e-01   1.9973892373351565e-01   3.8140168253463155e-02   7.5001351818250175e-03   3.3603019071032893e-02   1.3402184812033412e-08
  2.1299999999999999e+00   7.2082128855698657e-01   1.9980108089338972e-01   3.8238823074215007e-02   7.5991099475079321e-03   3.3539697527901861e-02   1.3406956596832457e-08
  2.1400000000000001e+00   7.2062566855028509e-01   1.9986196320686436e-01   3.8336390498772827e-02   7.6994654405218525e-03   3.3476512303557020e-02   1.3411808931043565e-08
  2.1499999999999999e+00   7.2043087380376181e-01   1.9992158592475365e-01   3.8432856516390862e-02   7.8012207385790020e-03   3.3413463016515751e-02   1.3416743518839199e-08
  2.1600000000000001e+00   7.2023688452748946e-01   1.9997996407169133e-01   3.8528206978345185e-02   7.9043951378231312e-03   3.3350549284652038e-02   1.3421762111355148e-08
  2.1699999999999999e+00   7.2004368107452665e-01   2.0003711244884129e-01   3.8622427597919590e-02   8.0090081535295499e-03   3.3287770725183997e-02   1.3426866507724010e-08
  2.1800000000000002e+00   7.1985124393757083e-01   2.0009304563656954e-01   3.8715503950467196e-02   8.1150795207319444e-03   3.3225126954661455e-02   1.3432058556128509e-08
  2.1899999999999999e+00   7.1965955374564594e-01   2.0014777799707820e-01   3.8807421473550596e-02   8.2226291947727435e-03   3.3162617588953530e-02   1.3437340154875161e-08
  2.2000000000000002e+00   7.1946859126082552e-01   2.0020132367700208e-01   3.8898165467163459e-02   8.3316773517737482e-03   3.3100242243236287e-02   1.3442713253488183e-08
  2.2100000000000000e+00   7.1927833737499192e-01   2.0025369660996833e-01   3.8987721094036649e-02   8.4422443890236568e-03   3.3038000531980444e-02   1.3448179853824188e-08
  2.2200000000000002e+00   7.1908877310663122e-01   2.0030491051911983e-01   3.9076073380031801e-02   8.5543509252790240e-03   3.2975892068939083e-02   1.3453742011207667e-08
  2.2300000000000000e+00   7.1889987959766211e-01   2.0035497891960258e-01   3.9163207214625698e-02   8.6680178009751162e-03   3.2913916467135505e-02   1.3459401835587743e-08
  2.2400000000000002e+00   7.1871163811030048e-01   2.0040391512101785e-01   3.9249107351488420e-02   8.7832660783430973e-03   3.2852073338851116e-02   1.3465161492716202e-08
  2.2500000000000000e+00   7.1852403002395959e-01   2.0045173222983961e-01   3.9333758409158613e-02   8.9001170414298118e-03   3.2790362295613405e-02   1.3471023205347161e-08
  2.2599999999999998e+00   7.1833703683218375e-01   2.0049844315179752e-01   3.9417144871819236e-02   9.0185921960164658e-03   3.2728782948184043e-02   1.3476989254458614e-08
  2.2700000000000000e+00   7.1815064013961838e-01   2.0054406059422622e-01   3.9499251090177018e-02   9.1387132694323355e-03   3.2667334906547052e-02   1.3483061980496061e-08
