*************************************************************

   NEOS Server Version 6.0
   Job#     : 11944705
   Password : gjwWGJas
   User     : 
   Solver   : nco:Ipopt:AMPL
   Start    : 2022-05-13 08:59:00
   End      : 2022-05-13 08:59:16
   Host     : prod-sub-1.neos-server.org

   Disclaimer:

   This information is provided without any express or
   implied warranty. In particular, there is no warranty
   of any kind concerning the fitness of this
   information for any particular purpose.

   Announcements:
*************************************************************
You are using the solver ipopt.

%% COMMENTS %%%%%%%%%%%%%%%%%%%%%%%%%%%%
vPDF tudo v3 com constantes 100 e 1 ma obj
com muito ma situacao inicila mas melhor
%%%%%%%%%%%%%%%%%%%%%%%%%%%%%%%%%%%%%%%%
Checking ampl.mod for ipopt_options...
Executing AMPL.
processing data.
processing commands.
Executing on prod-exec-5.neos-server.org

Presolve eliminates 1010 constraints and 9 variables.
Substitution eliminates 6003 variables.
Adjusted problem:
7001 variables:
	6001 nonlinear variables
	1000 linear variables
6000 constraints, all nonlinear; 51977 nonzeros
	6000 equality constraints
1 linear objective; 1 nonzero.

Ipopt 3.14.5: max_iter=2000
acceptable_tol=1e-10


******************************************************************************
This program contains Ipopt, a library for large-scale nonlinear optimization.
 Ipopt is released as open source code under the Eclipse Public License (EPL).
         For more information visit https://github.com/coin-or/Ipopt
******************************************************************************

This is Ipopt version 3.14.5, running with linear solver MUMPS 5.4.1.

Number of nonzeros in equality constraint Jacobian...:    51977
Number of nonzeros in inequality constraint Jacobian.:        0
Number of nonzeros in Lagrangian Hessian.............:    14001

Total number of variables............................:     7001
                     variables with only lower bounds:        0
                variables with lower and upper bounds:     1001
                     variables with only upper bounds:        0
Total number of equality constraints.................:     6000
Total number of inequality constraints...............:        0
        inequality constraints with only lower bounds:        0
   inequality constraints with lower and upper bounds:        0
        inequality constraints with only upper bounds:        0

iter    objective    inf_pr   inf_du lg(mu)  ||d||  lg(rg) alpha_du alpha_pr  ls
   0 -0.0000000e+00 8.44e-01 1.57e-02  -1.0 0.00e+00    -  0.00e+00 0.00e+00   0
MUMPS returned INFO(1) = -9 and requires more memory, reallocating.  Attempt 1
  Increasing icntl[13] from 1000 to 2000.
MUMPS returned INFO(1) = -9 and requires more memory, reallocating.  Attempt 2
  Increasing icntl[13] from 2000 to 4000.
   1 -4.9453906e-01 8.38e-01 3.44e+05  -1.7 1.19e+02    -  6.68e-05 6.62e-03f  1
   2 -5.2101113e-01 8.37e-01 4.07e+05  -1.7 2.88e+02    -  2.72e-05 1.16e-03h  1
   3 -5.5136945e-01 8.37e-01 4.08e+05  -1.7 9.56e+02    -  3.55e-04 4.73e-04f  1
   4r-5.5136945e-01 8.37e-01 9.99e+02  -0.1 0.00e+00    -  0.00e+00 2.52e-07R  6
   5r-5.5268494e-01 7.95e-01 9.76e+02  -0.1 3.82e+01    -  9.95e-01 2.06e-02f  1
   6r-5.5316053e-01 3.25e-02 7.69e+02  -0.1 3.94e+00    -  1.00e+00 2.00e-01f  1
   7 -9.8732018e+00 2.70e-02 8.30e-01  -1.7 5.48e+01    -  1.00e+00 1.70e-01f  1
   8 -6.3685122e+01 1.94e-03 5.73e+00  -1.7 5.38e+01    -  1.00e+00 1.00e+00f  1
   9 -6.3507386e+01 1.75e-03 6.62e+00  -1.7 1.92e+00    -  2.90e-01 1.64e-01h  1
iter    objective    inf_pr   inf_du lg(mu)  ||d||  lg(rg) alpha_du alpha_pr  ls
  10 -6.3337617e+01 2.27e-03 8.87e+00  -1.7 2.06e+00    -  1.00e+00 2.47e-01h  1
  11 -6.4410450e+01 1.90e-03 1.31e+01  -1.7 6.50e+00    -  4.86e-01 1.65e-01h  1
  12 -6.6787548e+01 1.80e-03 1.24e+01  -1.7 4.63e+01    -  1.82e-01 5.13e-02f  3
  13 -7.8851870e+01 2.27e-03 1.15e+01  -1.7 2.59e+01    -  2.91e-01 4.66e-01f  1
  14 -7.8946952e+01 2.07e-03 1.03e+01  -1.7 2.31e+00  -2.0 3.37e-01 8.93e-02f  1
  15 -7.8978201e+01 2.40e-03 4.69e+00  -1.7 9.68e-01  -0.7 1.00e+00 4.57e-01f  1
  16 -7.9446735e+01 2.25e-03 4.07e+00  -1.7 2.24e+00    -  5.26e-01 5.91e-01f  1
  17 -7.8898388e+01 1.97e-03 1.56e+00  -1.7 9.09e-01    -  9.25e-01 1.00e+00f  1
  18 -8.0328813e+01 2.44e-03 1.17e+00  -1.7 2.23e+00    -  1.00e+00 6.41e-01f  1
  19 -7.9693912e+01 3.90e-04 2.63e-01  -1.7 6.35e-01    -  1.00e+00 1.00e+00f  1
iter    objective    inf_pr   inf_du lg(mu)  ||d||  lg(rg) alpha_du alpha_pr  ls
  20 -8.0975177e+01 8.17e-05 2.24e-02  -2.5 1.28e+00    -  9.74e-01 1.00e+00f  1
  21 -8.2986361e+01 2.72e-04 6.50e-02  -3.8 2.01e+00    -  8.50e-01 1.00e+00f  1
  22 -8.3170459e+01 1.38e-04 1.86e-02  -3.8 6.53e-01    -  1.00e+00 1.00e+00h  1
  23 -8.3189671e+01 2.71e-05 4.16e-03  -3.8 2.43e-01    -  1.00e+00 1.00e+00h  1
  24 -8.3186467e+01 1.42e-06 2.76e-04  -3.8 4.55e-02    -  1.00e+00 1.00e+00h  1
  25 -8.3248839e+01 1.95e-05 2.32e-03  -5.7 1.59e-01    -  9.43e-01 1.00e+00f  1
  26 -8.3247941e+01 6.34e-06 4.68e-04  -5.7 5.81e-02    -  1.00e+00 1.00e+00h  1
  27 -8.3247726e+01 1.41e-06 7.68e-05  -5.7 1.66e-02    -  1.00e+00 1.00e+00h  1
  28 -8.3247717e+01 1.65e-07 6.28e-06  -5.7 4.89e-03    -  1.00e+00 1.00e+00h  1
  29 -8.3248446e+01 3.28e-07 1.49e-05  -8.6 6.92e-03    -  9.91e-01 1.00e+00h  1
iter    objective    inf_pr   inf_du lg(mu)  ||d||  lg(rg) alpha_du alpha_pr  ls
  30 -8.3248459e+01 5.86e-08 2.11e-06  -8.6 3.20e-03    -  9.97e-01 1.00e+00h  1
  31 -8.3248461e+01 1.34e-08 3.11e-07  -8.6 1.27e-03    -  1.00e+00 1.00e+00h  1
  32 -8.3248462e+01 3.32e-09 3.75e-08  -8.6 6.11e-04    -  1.00e+00 1.00e+00h  1
  33 -8.3248462e+01 9.12e-10 7.05e-09  -9.0 3.19e-04    -  1.00e+00 1.00e+00h  1

Number of Iterations....: 33

                                   (scaled)                 (unscaled)
Objective...............:  -8.3248462323124741e+01   -8.3248462323124741e+01
Dual infeasibility......:   7.0469119428651084e-09    7.0469119428651084e-09
Constraint violation....:   9.1177554395471816e-10    9.1177554395471816e-10
Variable bound violation:   0.0000000000000000e+00    0.0000000000000000e+00
Complementarity.........:   2.9473391598251525e-09    2.9473391598251525e-09
Overall NLP error.......:   4.5579496932090323e-09    7.0469119428651084e-09


Number of objective function evaluations             = 45
Number of objective gradient evaluations             = 33
Number of equality constraint evaluations            = 45
Number of inequality constraint evaluations          = 0
Number of equality constraint Jacobian evaluations   = 35
Number of inequality constraint Jacobian evaluations = 0
Number of Lagrangian Hessian evaluations             = 33
Total seconds in IPOPT                               = 8.992

EXIT: Optimal Solution Found.
 
Ipopt 3.14.5: Optimal Solution Found

suffix ipopt_zU_out OUT;
suffix ipopt_zL_out OUT;
OBJ = 83.2485

  0.0000000000000000e+00   8.4429999999999994e-01   5.0000000000000003e-02   5.0000000000000003e-02   5.0000000000000001e-03   5.0700000000000002e-02   3.4118376643102621e-08
  1.0000000000000000e-02   8.4330732657971275e-01   5.0993961330137547e-02   4.9893598865543343e-02   5.0615293221386512e-03   5.0743583902467769e-02   1.1943605131689556e-08
  2.0000000000000000e-02   8.4234207951641749e-01   5.1960342887749353e-02   4.9786950731320896e-02   5.1237170597284651e-03   5.0786909804784015e-02   1.1982989366125017e-08
  2.9999999999999999e-02   8.4140349478485899e-01   5.2899909058689076e-02   4.9680050093577906e-02   5.1865685647758857e-03   5.0829977498098464e-02   1.2022910930733341e-08
  4.0000000000000001e-02   8.4049082951200260e-01   5.3813403029739540e-02   4.9572891496279234e-02   5.2500891995613122e-03   5.0872786762417709e-02   1.2063377557057509e-08
  5.0000000000000003e-02   8.3960336139031599e-01   5.4701547376386980e-02   4.9465469530731408e-02   5.3142843352995415e-03   5.0915337367266465e-02   1.2104397106388481e-08
  5.9999999999999998e-02   8.3874038810732054e-01   5.5565044634298136e-02   4.9357778835256182e-02   5.3791593513331940e-03   5.0957629071792458e-02   1.2145977572395303e-08
  7.0000000000000007e-02   8.3790122679095957e-01   5.6404577854952065e-02   4.9249814094911595e-02   5.4447196343069444e-03   5.0999661624870511e-02   1.2188127083820660e-08
  8.0000000000000002e-02   8.3708521347034648e-01   5.7220811145866073e-02   4.9141570041259734e-02   5.5109705773224160e-03   5.1041434765206048e-02   1.2230853907242718e-08
  8.9999999999999997e-02   8.3629170255146579e-01   5.8014390195843001e-02   4.9033041452180431e-02   5.5779175790736024e-03   5.1082948221438058e-02   1.2274166449906580e-08
  1.0000000000000001e-01   8.3552006630741149e-01   5.8785942785654924e-02   4.8924223151730124e-02   5.6455660429626736e-03   5.1124201712241642e-02   1.2318073262625707e-08
  1.1000000000000000e-01   8.3476969438276194e-01   5.9536079284567375e-02   4.8815110010045216e-02   5.7139213761960494e-03   5.1165194946430133e-02   1.2362583042756435e-08
  1.2000000000000000e-01   8.3403999331169754e-01   6.0265393133096513e-02   4.8705696943289058e-02   5.7829889888606082e-03   5.1205927623057035e-02   1.2407704637247952e-08
  1.3000000000000000e-01   8.3333038604948018e-01   6.0974461312381018e-02   4.8595978913642028e-02   5.8527742929799275e-03   5.1246399431517778e-02   1.2453447045769312e-08
  1.4000000000000001e-01   8.3264031151692552e-01   6.1663844800539852e-02   4.8485950929333901e-02   5.9232827015504473e-03   5.1286610051651284e-02   1.2499819423915583e-08
  1.4999999999999999e-01   8.3196922415750729e-01   6.2334089016376708e-02   4.8375608044717841e-02   5.9945196275574602e-03   5.1326559153841662e-02   1.2546831086496485e-08
  1.6000000000000000e-01   8.3131659350674292e-01   6.2985724250782069e-02   4.8264945360385343e-02   6.0664904829708377e-03   5.1366246399119860e-02   1.2594491510908947e-08
  1.7000000000000001e-01   8.3068190377351969e-01   6.3619266086173867e-02   4.8153958023321501e-02   6.1392006777204102e-03   5.1405671439265527e-02   1.2642810340596873e-08
  1.7999999999999999e-01   8.3006465343303248e-01   6.4235215804308562e-02   4.8042641227099961e-02   6.2126556186509387e-03   5.1444833916909100e-02   1.2691797388600277e-08
  1.9000000000000000e-01   8.2946435483100867e-01   6.4834060782784864e-02   4.7930990212116803e-02   6.2868607084566120e-03   5.1483733465634146e-02   1.2741462641196447e-08
  2.0000000000000001e-01   8.2888053379890902e-01   6.5416274880553987e-02   4.7819000265862902e-02   6.3618213445950028e-03   5.1522369710080181e-02   1.2791816261636639e-08
  2.0999999999999999e-01   8.2831272927979993e-01   6.5982318812740831e-02   4.7706666723233954e-02   6.4375429181804736e-03   5.1560742266045873e-02   1.2842868593980281e-08
  2.2000000000000000e-01   8.2776049296460064e-01   6.6532640515072863e-02   4.7593984966877736e-02   6.5140308128569645e-03   5.1598850740592790e-02   1.2894630167030204e-08
  2.3000000000000001e-01   8.2722338893841874e-01   6.7067675498204554e-02   4.7480950427577787e-02   6.5912904036501702e-03   5.1636694732149754e-02   1.2947111698372169e-08
  2.3999999999999999e-01   8.2670099333669322e-01   6.7587847192217748e-02   4.7367558584673085e-02   6.6693270557990738e-03   5.1674273830617921e-02   1.3000324098521394e-08
  2.5000000000000000e-01   8.2619289401087459e-01   6.8093567281570233e-02   4.7253804966513012e-02   6.7481461235668685e-03   5.1711587617476538e-02   1.3054278475179840e-08
  2.6000000000000001e-01   8.2569869020337605e-01   6.8585236030757502e-02   4.7139685150947019e-02   6.8277529490312445e-03   5.1748635665889504e-02   1.3108986137607686e-08
  2.7000000000000002e-01   8.2521799223154091e-01   6.9063242600944971e-02   4.7025194765848453e-02   6.9081528608540971e-03   5.1785417540812909e-02   1.3164458601112341e-08
  2.8000000000000003e-01   8.2475042118037412e-01   6.9527965357821422e-02   4.6910329489671845e-02   6.9893511730306779e-03   5.1821932799103396e-02   1.3220707591658707e-08
  2.8999999999999998e-01   8.2429560860379580e-01   6.9979772170916499e-02   4.6795085052043175e-02   7.0713531836182498e-03   5.1858180989627613e-02   1.3277745050605113e-08
  2.9999999999999999e-01   8.2385319623418229e-01   7.0419020704619695e-02   4.6679457234382452e-02   7.1541641734443034e-03   5.1894161653372739e-02   1.3335583139568038e-08
  3.1000000000000000e-01   8.2342283569996078e-01   7.0846058701130199e-02   4.6563441870558039e-02   7.2377894047944225e-03   5.1929874323558091e-02   1.3394234245420275e-08
  3.2000000000000001e-01   8.2300418825103971e-01   7.1261224255561820e-02   4.6447034847572115e-02   7.3222341200798718e-03   5.1965318525747990e-02   1.3453710985426950e-08
  3.3000000000000002e-01   8.2259692449185362e-01   7.1664846083420344e-02   4.6330232106276702e-02   7.4075035404850449e-03   5.2000493777965839e-02   1.3514026212523325e-08
  3.4000000000000002e-01   8.2220072412181278e-01   7.2057243780664859e-02   4.6213029642119652e-02   7.4936028645948586e-03   5.2035399590809515e-02   1.3575193020739608e-08
  3.4999999999999998e-01   8.2181527568295265e-01   7.2438728076558601e-02   4.6095423505919962e-02   7.5805372670022641e-03   5.2070035467568186e-02   1.3637224750776881e-08
  3.5999999999999999e-01   8.2144027631458394e-01   7.2809601079509442e-02   4.5977409804671861e-02   7.6683118968959955e-03   5.2104400904340507e-02   1.3700134995739726e-08
  3.7000000000000000e-01   8.2107543151474760e-01   7.3170156516094098e-02   4.5858984702377016e-02   7.7569318766287565e-03   5.2138495390154298e-02   1.3763937607030271e-08
  3.8000000000000000e-01   8.2072045490828816e-01   7.3520679963455529e-02   4.5740144420904280e-02   7.8464023002659967e-03   5.2172318407087803e-02   1.3828646700409159e-08
  3.9000000000000001e-01   8.2037506802136062e-01   7.3861449075256713e-02   4.5620885240876319e-02   7.9367282321155079e-03   5.2205869430392453e-02   1.3894276662229106e-08
  4.0000000000000002e-01   8.2003900006219377e-01   7.4192733801369967e-02   4.5501203502582598e-02   8.0279147052380265e-03   5.2239147928617377e-02   1.3960842155846576e-08
  4.0999999999999998e-01   8.1971198770793419e-01   7.4514796601475114e-02   4.5381095606917901e-02   8.1199667199391284e-03   5.2272153363735516e-02   1.4028358128217395e-08
  4.1999999999999998e-01   8.1939377489740595e-01   7.4827892652735872e-02   4.5260558016345993e-02   8.2128892422425881e-03   5.2304885191271508e-02   1.4096839816683170e-08
  4.2999999999999999e-01   8.1908411262961955e-01   7.5132270051718061e-02   4.5139587255887521e-02   8.3066872023455675e-03   5.2337342860431360e-02   1.4166302755954267e-08
  4.4000000000000000e-01   8.1878275876787066e-01   7.5428170010709950e-02   4.5018179914131755e-02   8.4013654930558471e-03   5.2369525814233910e-02   1.4236762785296283e-08
  4.5000000000000001e-01   8.1848947784927595e-01   7.5715827048599332e-02   4.4896332644271300e-02   8.4969289682114389e-03   5.2401433489644225e-02   1.4308236055927277e-08
  4.6000000000000002e-01   8.1820404089959253e-01   7.5995469176458774e-02   4.4774042165159220e-02   8.5933824410829220e-03   5.2433065317708874e-02   1.4380739038632175e-08
  4.6999999999999997e-01   8.1792622525317704e-01   7.6267318077985535e-02   4.4651305262387871e-02   8.6907306827588085e-03   5.2464420723693159e-02   1.4454288531603136e-08
  4.7999999999999998e-01   8.1765581437794044e-01   7.6531589284938792e-02   4.4528118789388726e-02   8.7889784205143276e-03   5.2495499127220353e-02   1.4528901668511994e-08
  4.8999999999999999e-01   8.1739259770516026e-01   7.6788492347713025e-02   4.4404479668552509e-02   8.8881303361640265e-03   5.2526299942412959e-02   1.4604595926824792e-08
  5.0000000000000000e-01   8.1713637046401677e-01   7.7038231001182414e-02   4.4280384892368935e-02   8.9881910643985520e-03   5.2556822578036101e-02   1.4681389136365448e-08
  5.1000000000000001e-01   8.1688693352072117e-01   7.7281003325947284e-02   4.4155831524585354e-02   9.0891651911060821e-03   5.2587066437642924e-02   1.4759299488137622e-08
  5.2000000000000002e-01   8.1664409322210818e-01   7.7517001905110183e-02   4.4030816701383459e-02   9.1910572516788209e-03   5.2617030919722210e-02   1.4838345543414475e-08
  5.3000000000000003e-01   8.1640766124357078e-01   7.7746413976705397e-02   4.3905337632573482e-02   9.2938717293050352e-03   5.2646715417848176e-02   1.4918546243105428e-08
  5.4000000000000004e-01   8.1617745444121559e-01   7.7969421581902815e-02   4.3779391602804939e-02   9.3976130532471315e-03   5.2676119320832410e-02   1.4999920917409622e-08
  5.5000000000000004e-01   8.1595329470812250e-01   7.8186201709102829e-02   4.3652975972793252e-02   9.5022855971062525e-03   5.2705242012878128e-02   1.5082489295766822e-08
  5.6000000000000005e-01   8.1573500883459438e-01   7.8396926434036507e-02   4.3526088180561529e-02   9.6078936770739552e-03   5.2734082873736626e-02   1.5166271517116396e-08
  5.6999999999999995e-01   8.1552242837228728e-01   7.8601763055981780e-02   4.3398725742696487e-02   9.7144415501715046e-03   5.2762641278866082e-02   1.5251288140475102e-08
  5.7999999999999996e-01   8.1531538950211191e-01   7.8800874230203308e-02   4.3270886255617938e-02   9.8219334124773471e-03   5.2790916599592619e-02   1.5337560155846380e-08
  5.8999999999999997e-01   8.1511373290580447e-01   7.8994418096720642e-02   4.3142567396860877e-02   9.9303733973433936e-03   5.2818908203273764e-02   1.5425108995471556e-08
  5.9999999999999998e-01   8.1491730364106219e-01   7.9182548405506731e-02   4.3013766926369372e-02   1.0039765573600689e-02   5.2846615453464203e-02   1.5513956545437868e-08
  6.0999999999999999e-01   8.1472595102014711e-01   7.9365414638215545e-02   4.2884482687801401e-02   1.0150113943755125e-02   5.2874037710083976e-02   1.5604125157654373e-08
  6.2000000000000000e-01   8.1453952849186140e-01   7.9543162126535116e-02   4.2754712609843759e-02   1.0261422442173882e-02   5.2901174329589067e-02   1.5695637662210415e-08
  6.3000000000000000e-01   8.1435789352679988e-01   7.9715932167259737e-02   4.2624454707536161e-02   1.0373694933263219e-02   5.2928024665144319e-02   1.5788517380132046e-08
  6.4000000000000001e-01   8.1418090750579031e-01   7.9883862134172021e-02   4.2493707083603643e-02   1.0486935209638391e-02   5.2954588066798938e-02   1.5882788136548397e-08
  6.5000000000000002e-01   8.1400843561143288e-01   8.0047085586823427e-02   4.2362467929796338e-02   1.0601146990286385e-02   5.2980863881664300e-02   1.5978474274287517e-08
  6.6000000000000003e-01   8.1384034672265182e-01   8.0205732376299341e-02   4.2230735528235711e-02   1.0716333918722220e-02   5.3006851454094291e-02   1.6075600667914115e-08
  6.7000000000000004e-01   8.1367651331217739e-01   8.0359928748052187e-02   4.2098508252766273e-02   1.0832499561139594e-02   5.3032550125868050e-02   1.6174192738229241e-08
  6.8000000000000005e-01   8.1351681134687570e-01   8.0509797441883926e-02   4.1965784570311929e-02   1.0949647404556690e-02   5.3057959236375248e-02   1.6274276467247633e-08
  6.8999999999999995e-01   8.1336112019084905e-01   8.0655457789157017e-02   4.1832563042235829e-02   1.1067780854957925e-02   5.3083078122803794e-02   1.6375878413672357e-08
  6.9999999999999996e-01   8.1320932251122768e-01   8.0797025807310643e-02   4.1698842325702833e-02   1.1186903235432515e-02   5.3107906120330041e-02   1.6479025728885592e-08
  7.0999999999999996e-01   8.1306130418658107e-01   8.0934614291757009e-02   4.1564621175043601e-02   1.1307017784310688e-02   5.3132442562311477e-02   1.6583746173475898e-08
  7.1999999999999997e-01   8.1291695421787402e-01   8.1068332905230231e-02   4.1429898443119222e-02   1.1428127653298445e-02   5.3156686780481882e-02   1.6690068134323075e-08
  7.2999999999999998e-01   8.1277616464189917e-01   8.1198288264658580e-02   4.1294673082685411e-02   1.1550235905611788e-02   5.3180638105148954e-02   1.6798020642263013e-08
  7.3999999999999999e-01   8.1263883044711427e-01   8.1324584025628768e-02   4.1158944147755186e-02   1.1673345514111304e-02   5.3204295865394463e-02   1.6907633390354340e-08
  7.5000000000000000e-01   8.1250484949182122e-01   8.1447320964508907e-02   4.1022710794959040e-02   1.1797459359438090e-02   5.3227659389276760e-02   1.7018936752773276e-08
  7.6000000000000001e-01   8.1237412242461982e-01   8.1566597058295193e-02   4.0885972284901387e-02   1.1922580228151979e-02   5.3250728004035880e-02   1.7131961804359541e-08
  7.7000000000000002e-01   8.1224655260707257e-01   8.1682507562245488e-02   4.0748727983512395e-02   1.2048710810873022e-02   5.3273501036300991e-02   1.7246740340841438e-08
  7.8000000000000003e-01   8.1212204603852223e-01   8.1795145085360829e-02   4.0610977363393912e-02   1.2175853700427300e-02   5.3295977812300312e-02   1.7363304899766253e-08
  7.9000000000000004e-01   8.1200051128299944e-01   8.1904599663775182e-02   4.0472720005158516e-02   1.2304011389998032e-02   5.3318157658073455e-02   1.7481688782166910e-08
  8.0000000000000004e-01   8.1188185939816426e-01   8.2010958832110736e-02   4.0333955598760469e-02   1.2433186271283085e-02   5.3340039899686151e-02   1.7601926074993376e-08
  8.1000000000000005e-01   8.1176600386622433e-01   8.2114307692855590e-02   4.0194683944817525e-02   1.2563380632659899e-02   5.3361623863447373e-02   1.7724051674341227e-08
  8.1999999999999995e-01   8.1165286052677610e-01   8.2214728983818611e-02   4.0054904955922316e-02   1.2694596657358961e-02   5.3382908876128808e-02   1.7848101309510218e-08
  8.2999999999999996e-01   8.1154234751151433e-01   8.2312303143714696e-02   3.9914618657942283e-02   1.2826836421646908e-02   5.3403894265186651e-02   1.7974111567928568e-08
  8.3999999999999997e-01   8.1143438518075961e-01   8.2407108375932278e-02   3.9773825191306941e-02   1.2960101893020395e-02   5.3424579358985730e-02   1.8102119920979235e-08
  8.4999999999999998e-01   8.1132889606175240e-01   8.2499220710533602e-02   3.9632524812281224e-02   1.3094394928411853e-02   5.3444963487025925e-02   1.8232164750765654e-08
  8.5999999999999999e-01   8.1122580478866546e-01   8.2588714064536634e-02   3.9490717894223828e-02   1.3229717272408311e-02   5.3465045980170781e-02   1.8364285377856706e-08
  8.7000000000000000e-01   8.1112503804428648e-01   8.2675660300526380e-02   3.9348404928829239e-02   1.3366070555484447e-02   5.3484826170878387e-02   1.8498522090056542e-08
  8.8000000000000000e-01   8.1102652450332535e-01   8.2760129283641848e-02   3.9205586527352343e-02   1.3503456292251049e-02   5.3504303393434413e-02   1.8634916172238056e-08
  8.9000000000000001e-01   8.1093019477729966e-01   8.2842188936983696e-02   3.9062263421814347e-02   1.3641875879720104e-02   5.3523476984187281e-02   1.8773509937291090e-08
  9.0000000000000002e-01   8.1083598136095680e-01   8.2921905295486459e-02   3.8918436466188748e-02   1.3781330595587725e-02   5.3542346281785468e-02   1.8914346758231778e-08
  9.1000000000000003e-01   8.1074381858018807e-01   8.2999342558297856e-02   3.8774106637566211e-02   1.3921821596536127e-02   5.3560910627416830e-02   1.9057471101523388e-08
  9.2000000000000004e-01   8.1065364254139571e-01   8.3074563139706500e-02   3.8629275037297024e-02   1.4063349916555935e-02   5.3579169365049979e-02   1.9202928561666456e-08
  9.3000000000000005e-01   8.1056539108226922e-01   8.3147627718658468e-02   3.8483942892109956e-02   1.4205916465290016e-02   5.3597121841677565e-02   1.9350765897109006e-08
  9.3999999999999995e-01   8.1047900372393578e-01   8.3218595286901634e-02   3.8338111555206222e-02   1.4349522026400175e-02   5.3614767407561548e-02   1.9501031067541471e-08
  9.4999999999999996e-01   8.1039442162444375e-01   8.3287523195796007e-02   3.8191782507327382e-02   1.4494167255957919e-02   5.3632105416480280e-02   1.9653773272634854e-08
  9.5999999999999996e-01   8.1031158753354460e-01   8.3354467201826932e-02   3.8044957357795790e-02   1.4639852680860594e-02   5.3649135225977404e-02   1.9809042992291272e-08
  9.6999999999999997e-01   8.1023044574873504e-01   8.3419481510857180e-02   3.7897637845526508e-02   1.4786578697274214e-02   5.3665856197612528e-02   1.9966892028472630e-08
  9.7999999999999998e-01   8.1015094207252569e-01   8.3482618821152835e-02   3.7749825840009264e-02   1.4934345569104232e-02   5.3682267697213570e-02   2.0127373548682223e-08
  9.8999999999999999e-01   8.1007302377090284e-01   8.3543930365217109e-02   3.7601523342259385e-02   1.5083153426495568e-02   5.3698369095130746e-02   2.0290542131177384e-08
  1.0000000000000000e+00   8.0999663953294920e-01   8.3603465950465042e-02   3.7452732485736218e-02   1.5233002264363225e-02   5.3714159766492069e-02   2.0456453811989841e-08
  1.0100000000000000e+00   8.0992173943159140e-01   8.3661273998771143e-02   3.7303455537228053e-02   1.5383891940954769e-02   5.3729639091460446e-02   2.0625166133842145e-08
  1.0200000000000000e+00   8.0984827488544409e-01   8.3717401584921441e-02   3.7153694897702101e-02   1.5535822176446000e-02   5.3744806455492129e-02   2.0796738197049179e-08
  1.0300000000000000e+00   8.0977619862171968e-01   8.3771894474000144e-02   3.7003453103118374e-02   1.5688792551571126e-02   5.3759661249596517e-02   2.0971230712498589e-08
  1.0400000000000000e+00   8.0970546464017312e-01   8.3824797157740494e-02   3.6852732825206277e-02   1.5842802506288750e-02   5.3774202870597282e-02   2.1148706056809949e-08
  1.0500000000000000e+00   8.0963602817805502e-01   8.3876152889868522e-02   3.6701536872202581e-02   1.5997851338484977e-02   5.3788430721394727e-02   2.1329228329779095e-08
  1.0600000000000001e+00   8.0956784567604434e-01   8.3926003720467796e-02   3.6549868189549604e-02   1.6153938202714945e-02   5.3802344211229154e-02   2.1512863414217569e-08
  1.0700000000000001e+00   8.0950087474513199e-01   8.3974390529391874e-02   3.6397729860552480e-02   1.6311062108984122e-02   5.3815942755945423e-02   2.1699679038304328e-08
  1.0800000000000001e+00   8.0943507413443128e-01   8.4021353058751469e-02   3.6245125106994153e-02   1.6469221921570597e-02   5.3829225778258390e-02   2.1889744840575013e-08
  1.0900000000000001e+00   8.0937040369988855e-01   8.4066929944501392e-02   3.6092057289707068e-02   1.6628416357889721e-02   5.3842192708019224e-02   2.2083132437677729e-08
  1.1000000000000001e+00   8.0930682437386836e-01   8.4111158747152623e-02   3.5938529909100306e-02   1.6788643987402364e-02   5.3854842982482547e-02   2.2279915495036112e-08
  1.1100000000000001e+00   8.0924429813558929e-01   8.4154075981633644e-02   3.5784546605641024e-02   1.6949903230568032e-02   5.3867176046574275e-02   2.2480169800564182e-08
  1.1200000000000001e+00   8.0918278798238841e-01   8.4195717146324511e-02   3.5630111160289059e-02   1.7112192357844162e-02   5.3879191353160015e-02   2.2683973341588318e-08
  1.1299999999999999e+00   8.0912225790178893e-01   8.4236116751286824e-02   3.5475227494883611e-02   1.7275509488732788e-02   5.3890888363314064e-02   2.2891406385141024e-08
  1.1399999999999999e+00   8.0906267284434930e-01   8.4275308345711605e-02   3.5319899672480830e-02   1.7439852590875864e-02   5.3902266546588758e-02   2.3102551561799629e-08
  1.1499999999999999e+00   8.0900399869727346e-01   8.4313324544607077e-02   3.5164131897641296e-02   1.7605219479200469e-02   5.3913325381284141e-02   2.3317493953253729e-08
  1.1599999999999999e+00   8.0894620225876013e-01   8.4350197054747042e-02   3.5007928516666321e-02   1.7771607815115009e-02   5.3924064354717936e-02   2.3536321183795852e-08
  1.1699999999999999e+00   8.0888925121307031e-01   8.4385956699900816e-02   3.4851294017781968e-02   1.7939015105757766e-02   5.3934482963495477e-02   2.3759123515942999e-08
  1.1799999999999999e+00   8.0883311410629366e-01   8.4420633445364129e-02   3.4694233031269860e-02   1.8107438703298808e-02   5.3944580713779854e-02   2.3985993950406570e-08
  1.1899999999999999e+00   8.0877776032279347e-01   8.4454256421810800e-02   3.4536750329543779e-02   1.8276875804296489e-02   5.3954357121561790e-02   2.4217028330644863e-08
  1.2000000000000000e+00   8.0872316006231260e-01   8.4486853948483723e-02   3.4378850827171015e-02   1.8447323449109647e-02   5.3963811712929390e-02   2.4452325452244351e-08
  1.2100000000000000e+00   8.0866928431772112e-01   8.4518453555743542e-02   3.4220539580837615e-02   1.8618778521366609e-02   5.3972944024337631e-02   2.4691987177390272e-08
  1.2200000000000000e+00   8.0861610485338742e-01   8.4549082006993001e-02   3.4061821789256687e-02   1.8791237747492057e-02   5.3981753602877339e-02   2.4936118554707514e-08
  1.2300000000000000e+00   8.0856359418415757e-01   8.4578765319993962e-02   3.3902702793018651e-02   1.8964697696292807e-02   5.3990240006543642e-02   2.5184827944766644e-08
  1.2400000000000000e+00   8.0851172555492234e-01   8.4607528787594102e-02   3.3743188074382924e-02   1.9139154778603555e-02   5.3998402804503860e-02   2.5438227151569090e-08
  1.2500000000000000e+00   8.0846047292075907e-01   8.4635396997879780e-02   3.3583283257009960e-02   1.9314605246993539e-02   5.4006241577364555e-02   2.5696431560346741e-08
  1.2600000000000000e+00   8.0840981092763053e-01   8.4662393853770571e-02   3.3422994105633035e-02   1.9491045195535066e-02   5.4013755917437685e-02   2.5959560282036144e-08
  1.2700000000000000e+00   8.0835971489362590e-01   8.4688542592071286e-02   3.3262326525669003e-02   1.9668470559634908e-02   5.4020945429005818e-02   2.6227736304799019e-08
  1.2800000000000000e+00   8.0831016079072759e-01   8.4713865801996524e-02   3.3101286562767285e-02   1.9846877115929338e-02   5.4027809728586194e-02   2.6501086653002105e-08
  1.2900000000000000e+00   8.0826112522709115e-01   8.4738385443182032e-02   3.2939880402296555e-02   2.0026260482243763e-02   5.4034348445193510e-02   2.6779742554082932e-08
  1.3000000000000000e+00   8.0821258542982211e-01   8.4762122863197426e-02   3.2778114368768360e-02   2.0206616117617711e-02   5.4040561220601420e-02   2.7063839613763073e-08
  1.3100000000000001e+00   8.0816451922823751e-01   8.4785098814573912e-02   3.2615994925197213e-02   2.0387939322395975e-02   5.4046447709602485e-02   2.7353518000100486e-08
  1.3200000000000001e+00   8.0811690503759670e-01   8.4807333471360630e-02   3.2453528672396634e-02   2.0570225238386652e-02   5.4052007580266508e-02   2.7648922636903217e-08
  1.3300000000000001e+00   8.0806972184329040e-01   8.4828846445222303e-02   3.2290722348210510e-02   2.0753468849086739e-02   5.4057240514197191e-02   2.7950203407067932e-08
  1.3400000000000001e+00   8.0802294918547357e-01   8.4849656801091286e-02   3.2127582826679588e-02   2.0937664979976008e-02   5.4062146206786829e-02   2.8257515366438167e-08
  1.3500000000000001e+00   8.0797656714413002e-01   8.4869783072386198e-02   3.1964117117142421e-02   2.1122808298879671e-02   5.4066724367469142e-02   2.8571018968827627e-08
  1.3600000000000001e+00   8.0793055632455746e-01   8.4889243275809087e-02   3.1800332363270678e-02   2.1308893316400495e-02   5.4070974719969869e-02   2.8890880302889736e-08
  1.3700000000000001e+00   8.0788489784326045e-01   8.4908054925732862e-02   3.1636235842038389e-02   2.1495914386420810e-02   5.4074897002555189e-02   2.9217271341569457e-08
  1.3799999999999999e+00   8.0783957331423983e-01   8.4926235048190343e-02   3.1471834962624887e-02   2.1683865706674927e-02   5.4078490968277750e-02   2.9550370204923106e-08
  1.3899999999999999e+00   8.0779456483566814e-01   8.4943800194475963e-02   3.1307137265251243e-02   2.1872741319392354e-02   5.4081756385220170e-02   2.9890361437150605e-08
  1.3999999999999999e+00   8.0774985497693885e-01   8.4960766454370715e-02   3.1142150419950183e-02   2.2062535112012182e-02   5.4084693036735972e-02   3.0237436298741931e-08
  1.4099999999999999e+00   8.0770542676608126e-01   8.4977149469001034e-02   3.0976882225269162e-02   2.2253240817968957e-02   5.4087300721687680e-02   3.0591793074712068e-08
  1.4199999999999999e+00   8.0766126367752733e-01   8.4992964443341465e-02   3.0811340606906806e-02   2.2444852017550344e-02   5.4089579254682107e-02   3.0953637399964558e-08
  1.4299999999999999e+00   8.0761734962022513e-01   8.5008226158371142e-02   3.0645533616282566e-02   2.2637362138826694e-02   5.4091528466302545e-02   3.1323182602902746e-08
  1.4399999999999999e+00   8.0757366892608407e-01   8.5022948982893698e-02   3.0479469429039729e-02   2.2830764458652800e-02   5.4093148203337882e-02   3.1700650068499979e-08
  1.4500000000000000e+00   8.0753020633874639e-01   8.5037146885029696e-02   3.0313156343481907e-02   2.3025052103741818e-02   5.4094438329008419e-02   3.2086269622119584e-08
  1.4600000000000000e+00   8.0748694700267454e-01   8.5050833443390844e-02   3.0146602778943168e-02   2.3220218051811490e-02   5.4095398723188262e-02   3.2480279935482487e-08
  1.4700000000000000e+00   8.0744387645254445e-01   8.5064021857944885e-02   2.9979817274092109e-02   2.3416255132802599e-02   5.4096029282624247e-02   3.2882928956292568e-08
  1.4800000000000000e+00   8.0740098060293841e-01   8.5076724960579234e-02   2.9812808485170057e-02   2.3613156030169644e-02   5.4096329921151119e-02   3.3294474363136292e-08
  1.4900000000000000e+00   8.0735824573832560e-01   8.5088955225372437e-02   2.9645585184163912e-02   2.3810913282243516e-02   5.4096300569903048e-02   3.3715184047411968e-08
  1.5000000000000000e+00   8.0731565850332654e-01   8.5100724778580827e-02   2.9478156256913867e-02   2.4009519283666080e-02   5.4095941177521152e-02   3.4145336624181021e-08
  1.5100000000000000e+00   8.0727320589324980e-01   8.5112045408348658e-02   2.9310530701156634e-02   2.4208966286896397e-02   5.4095251710357048e-02   3.4585221973984137e-08
  1.5200000000000000e+00   8.0723087524489423e-01   8.5122928574149354e-02   2.9142717624504617e-02   2.4409246403788214e-02   5.4094232152672193e-02   3.5035141817838042e-08
  1.5300000000000000e+00   8.0718865422761066e-01   8.5133385415964977e-02   2.8974726242361627e-02   2.4610351607238432e-02   5.4092882506833036e-02   3.5495410327797985e-08
  1.5400000000000000e+00   8.0714653083461341e-01   8.5143426763211683e-02   2.8806565875775850e-02   2.4812273732906120e-02   5.4091202793501672e-02   3.5966354775691643e-08
  1.5500000000000000e+00   8.0710449337453682e-01   8.5153063143417682e-02   2.8638245949230701e-02   2.5015004481001538e-02   5.4089193051822138e-02   3.6448316222827599e-08
  1.5600000000000001e+00   8.0706253046322729e-01   8.5162304790660767e-02   2.8469775988374340e-02   2.5218535418144648e-02   5.4086853339601913e-02   3.6941650253733380e-08
  1.5700000000000001e+00   8.0702063101576682e-01   8.5171161653772184e-02   2.8301165617688716e-02   2.5422857979292546e-02   5.4084183733488819e-02   3.7446727757233128e-08
  1.5800000000000001e+00   8.0697878423871894e-01   8.5179643404312985e-02   2.8132424558099001e-02   2.5627963469735074e-02   5.4081184329142981e-02   3.7963935758472910e-08
  1.5900000000000001e+00   8.0693697962259348e-01   8.5187759444329422e-02   2.7963562624524332e-02   2.5833843067157927e-02   5.4077855241403856e-02   3.8493678305806089e-08
  1.6000000000000001e+00   8.0689520693452021e-01   8.5195518913893403e-02   2.7794589723370858e-02   2.6040487823772475e-02   5.4074196604452195e-02   3.9036377416808619e-08
  1.6100000000000001e+00   8.0685345621112903e-01   8.5202930698433835e-02   2.7625515849968186e-02   2.6247888668511403e-02   5.4070208571966781e-02   3.9592474088071177e-08
  1.6200000000000001e+00   8.0681171775162885e-01   8.5210003435864823e-02   2.7456351085950313e-02   2.6456036409289306e-02   5.4065891317275960e-02   4.0162429373846442e-08
  1.6299999999999999e+00   8.0676998211107998e-01   8.5216745523516185e-02   2.7287105596582175e-02   2.6664921735327252e-02   5.4061245033503673e-02   4.0746725539085036e-08
  1.6399999999999999e+00   8.0672824009385413e-01   8.5223165124871783e-02   2.7117789628033077e-02   2.6874535219540287e-02   5.4056269933710099e-02   4.1345867292915930e-08
  1.6499999999999999e+00   8.0668648274727661e-01   8.5229270176121044e-02   2.6948413504598284e-02   2.7084867320986781e-02   5.4050966251026664e-02   4.1960383109197793e-08
  1.6599999999999999e+00   8.0664470135544686e-01   8.5235068392528701e-02   2.6778987625870061e-02   2.7295908387378498e-02   5.4045334238785367e-02   4.2590826641390730e-08
  1.6699999999999999e+00   8.0660288743322939e-01   8.5240567274627935e-02   2.6609522463859569e-02   2.7507648657650170e-02   5.4039374170642335e-02   4.3237778239709168e-08
  1.6799999999999999e+00   8.0656103272041391e-01   8.5245774114241543e-02   2.6440028560071046e-02   2.7720078264587326e-02   5.4033086340695535e-02   4.3901846579281970e-08
  1.6899999999999999e+00   8.0651912917603585e-01   8.5250696000336121e-02   2.6270516522529760e-02   2.7933187237511065e-02   5.4026471063596523e-02   4.4583670408905795e-08
  1.7000000000000000e+00   8.0647716897285571e-01   8.5255339824713922e-02   2.6100997022765228e-02   2.8146965505018388e-02   5.4019528674656141e-02   4.5283920430953752e-08
  1.7100000000000000e+00   8.0643514449199083e-01   8.5259712287546405e-02   2.5931480792751344e-02   2.8361402897776722e-02   5.4012259529944137e-02   4.6003301324049803e-08
  1.7200000000000000e+00   8.0639304831769654e-01   8.5263819902754404e-02   2.5761978621804994e-02   2.8576489151371065e-02   5.4004664006382576e-02   4.6742553921322968e-08
  1.7300000000000000e+00   8.0635087323229049e-01   8.5267669003238900e-02   2.5592501353444843e-02   2.8792213909202381e-02   5.3996742501832985e-02   4.7502457558379949e-08
  1.7400000000000000e+00   8.0630861221121863e-01   8.5271265745966343e-02   2.5423059882211975e-02   2.9008566725435499e-02   5.3988495435177176e-02   4.8283832606627907e-08
  1.7500000000000000e+00   8.0626625841825583e-01   8.5274616116912949e-02   2.5253665150454241e-02   2.9225537067995046e-02   5.3979923246391684e-02   4.9087543209239259e-08
  1.7600000000000000e+00   8.0622380520083914e-01   8.5277725935871324e-02   2.5084328145075975e-02   2.9443114321607653e-02   5.3971026396615683e-02   4.9914500238930624e-08
  1.7700000000000000e+00   8.0618124608552977e-01   8.5280600861123865e-02   2.4915059894255021e-02   2.9661287790888752e-02   5.3961805368212483e-02   5.0765664498812691e-08
  1.7800000000000000e+00   8.0613857477359863e-01   8.5283246393985906e-02   2.4745871464128898e-02   2.9880046703472243e-02   5.3952260664824350e-02   5.1642050189947207e-08
  1.7900000000000000e+00   8.0609578513673330e-01   8.5285667883222852e-02   2.4576773955452016e-02   3.0099380213181162e-02   5.3942392811420742e-02   5.2544728671894371e-08
  1.8000000000000000e+00   8.0605287121286262e-01   8.5287870529344181e-02   2.4407778500225893e-02   3.0319277403237584e-02   5.3932202354339903e-02   5.3474832545546611e-08
  1.8100000000000001e+00   8.0600982720209424e-01   8.5289859388778241e-02   2.4238896258304336e-02   3.0539727289509835e-02   5.3921689861323646e-02   5.4433560090933025e-08
  1.8200000000000001e+00   8.0596664746276336e-01   8.5291639377930620e-02   2.4070138413975591e-02   3.0760718823795129e-02   5.3910855921545486e-02   5.5422180096533972e-08
  1.8300000000000001e+00   8.0592332650758913e-01   8.5293215277129922e-02   2.3901516172523514e-02   3.0982240897135676e-02   5.3899701145631897e-02   5.6442037120995095e-08
  1.8400000000000001e+00   8.0587985899993420e-01   8.5294591734463271e-02   2.3733040756769783e-02   3.1204282343166266e-02   5.3888226165676775e-02   5.7494557233100761e-08
  1.8500000000000001e+00   8.0583623975016538e-01   8.5295773269505160e-02   2.3564723403599257e-02   3.1426831941491339e-02   5.3876431635249057e-02   5.8581254281480015e-08
  1.8600000000000001e+00   8.0579246371211422e-01   8.5296764276942619e-02   2.3396575360470580e-02   3.1649878421089482e-02   5.3864318229393401e-02   5.9703736751992315e-08
  1.8700000000000001e+00   8.0574852597962987e-01   8.5297569030098969e-02   2.3228607881914144e-02   3.1873410463743326e-02   5.3851886644624078e-02   6.0863715278060356e-08
