  0.0000000000000000e+00   8.9790000000000003e-01   1.0000000000000001e-01   1.0000000000000000e-03   1.0000000000000000e-04   1.0000000000000000e-03   2.9952845706564618e-02
  1.0000000000000000e-02   8.9801116388721802e-01   9.9883783652275987e-02   1.0038782035452466e-03   1.0025136931869801e-04   1.0009228876420846e-03   3.0011506178156698e-02
  2.0000000000000000e-02   8.9811912446448028e-01   9.9770776690574547e-02   1.0077431544387150e-03   1.0050312871205710e-04   1.0018525617943570e-03   3.0061645347732778e-02
  2.9999999999999999e-02   8.9822397055419578e-01   9.9660890128833696e-02   1.0115950461784678e-03   1.0075528564114144e-04   1.0027889851509822e-03   3.0111813086968631e-02
  4.0000000000000001e-02   8.9832578851595901e-01   9.9554037448299285e-02   1.0154340673799113e-03   1.0100784326169576e-04   1.0037321251001056e-03   3.0162009744634125e-02
  5.0000000000000003e-02   8.9842466231484064e-01   9.9450134529114623e-02   1.0192604019135887e-03   1.0126080469503239e-04   1.0046819494361234e-03   3.0212235661480423e-02
  5.9999999999999998e-02   8.9852067358777965e-01   9.9349099583806375e-02   1.0230742290350753e-03   1.0151417302910528e-04   1.0056384263499687e-03   3.0262491170459777e-02
  7.0000000000000007e-02   8.9861390170813493e-01   9.9250853092614791e-02   1.0268757235112893e-03   1.0176795131954642e-04   1.0066015244196661e-03   3.0312776596937478e-02
  8.0000000000000002e-02   8.9870442384844829e-01   9.9155317740616811e-02   1.0306650557433147e-03   1.0202214259066612e-04   1.0075712126011392e-03   3.0363092258896027e-02
  8.9999999999999997e-02   8.9879231504146595e-01   9.9062418356592796e-02   1.0344423918858328e-03   1.0227674983641840e-04   1.0085474602192725e-03   3.0413438467131973e-02
  1.0000000000000001e-01   8.9887764823946825e-01   9.8972081853588190e-02   1.0382078939632554e-03   1.0253177602133349e-04   1.0095302369592114e-03   3.0463815525445716e-02
  1.1000000000000000e-01   8.9896049437195513e-01   9.8884237171123171e-02   1.0419617199826511e-03   1.0278722408141798e-04   1.0105195128579040e-03   3.0514223730824470e-02
  1.2000000000000000e-01   8.9904092240173117e-01   9.8798815219004688e-02   1.0457040240435544e-03   1.0304309692502455e-04   1.0115152582958690e-03   3.0564663373618808e-02
  1.3000000000000000e-01   8.9911899937943618e-01   9.8715748822696556e-02   1.0494349564447402e-03   1.0329939743369224e-04   1.0125174439891884e-03   3.0615134737712851e-02
  1.4000000000000001e-01   8.9919479049656359e-01   9.8634972670204005e-02   1.0531546637880492e-03   1.0355612846295832e-04   1.0135260409817183e-03   3.0665638100688591e-02
  1.4999999999999999e-01   8.9926835913700931e-01   9.8556423260431195e-02   1.0568632890793480e-03   1.0381329284314310e-04   1.0145410206375100e-03   3.0716173733984376e-02
  1.6000000000000000e-01   8.9933976692718998e-01   9.8480038852970436e-02   1.0605609718266969e-03   1.0407089338010864e-04   1.0155623546334377e-03   3.0766741903047914e-02
  1.7000000000000001e-01   8.9940907378477297e-01   9.8405759419283811e-02   1.0642478481358093e-03   1.0432893285599226e-04   1.0165900149520246e-03   3.0817342867483926e-02
  1.7999999999999999e-01   8.9947633796605531e-01   9.8333526595238113e-02   1.0679240508028719e-03   1.0458741402991608e-04   1.0176239738744655e-03   3.0867976881196659e-02
  1.9000000000000000e-01   8.9954161611202721e-01   9.8263283634956136e-02   1.0715897094048014e-03   1.0484633963867328e-04   1.0186642039738368e-03   3.0918644192527663e-02
  2.0000000000000001e-01   8.9960496329316075e-01   9.8194975365947235e-02   1.0752449503870084e-03   1.0510571239739206e-04   1.0197106781084902e-03   3.0969345044388641e-02
  2.0999999999999999e-01   8.9966643305295424e-01   9.8128548145482206e-02   1.0788898971487355e-03   1.0536553500017821e-04   1.0207633694156264e-03   3.1020079674389914e-02
  2.2000000000000000e-01   8.9972607745027156e-01   9.8063949818177634e-02   1.0825246701260389e-03   1.0562581012073698e-04   1.0218222513050418e-03   3.1070848314964435e-02
  2.3000000000000001e-01   8.9978394710050624e-01   9.8001129674756396e-02   1.0861493868724757e-03   1.0588654041297515e-04   1.0228872974530432e-03   3.1121651193487629e-02
  2.3999999999999999e-01   8.9984009121560415e-01   9.7940038411951452e-02   1.0897641621375636e-03   1.0614772851158396e-04   1.0239584817965295e-03   3.1172488532393260e-02
  2.5000000000000000e-01   8.9989455764297688e-01   9.7880628093521549e-02   1.0933691079430719e-03   1.0640937703260364e-04   1.0250357785272306e-03   3.1223360549285279e-02
  2.6000000000000001e-01   8.9994739290333647e-01   9.7822852112347730e-02   1.0969643336572058e-03   1.0667148857397022e-04   1.0261191620861017e-03   3.1274267457046076e-02
  2.7000000000000002e-01   8.9999864222748016e-01   9.7766665153580845e-02   1.1005499460667377e-03   1.0693406571604529e-04   1.0272086071578723e-03   3.1325209463941003e-02
  2.8000000000000003e-01   9.0004834959205582e-01   9.7712023158810848e-02   1.1041260494471495e-03   1.0719711102212943e-04   1.0283040886657356e-03   3.1376186773719547e-02
  2.8999999999999998e-01   9.0009655775433617e-01   9.7658883291229542e-02   1.1076927456308346e-03   1.0746062703895958e-04   1.0294055817661879e-03   3.1427199585713023e-02
  2.9999999999999999e-01   9.0014330828602784e-01   9.7607203901759310e-02   1.1112501340734154e-03   1.0772461629719140e-04   1.0305130618440024e-03   3.1478248094929176e-02
  3.1000000000000000e-01   9.0018864160614342e-01   9.7556944496120956e-02   1.1147983119182291e-03   1.0798908131186676e-04   1.0316265045073384e-03   3.1529332492143604e-02
  3.2000000000000001e-01   9.0023259701296221e-01   9.7508065702814714e-02   1.1183373740590312e-03   1.0825402458286726e-04   1.0327458855829835e-03   3.1580452963988211e-02
  3.3000000000000002e-01   9.0027521271510491e-01   9.7460529241988891e-02   1.1218674132009666e-03   1.0851944859535384e-04   1.0338711811117224e-03   3.1631609693036800e-02
  3.4000000000000002e-01   9.0031652586174604e-01   9.7414297895171878e-02   1.1253885199198565e-03   1.0878535582019344e-04   1.0350023673438311e-03   3.1682802857887854e-02
  3.4999999999999998e-01   9.0035657257198976e-01   9.7369335475843255e-02   1.1289007827198455e-03   1.0905174871437282e-04   1.0361394207346890e-03   3.1734032633244647e-02
  3.5999999999999999e-01   9.0039538796342955e-01   9.7325606800820988e-02   1.1324042880894579e-03   1.0931862972140024e-04   1.0372823179405125e-03   3.1785299189992754e-02
  3.7000000000000000e-01   9.0043300617991817e-01   9.7283077662441847e-02   1.1358991205561043e-03   1.0958600127169526e-04   1.0384310358141991e-03   3.1836602695275128e-02
  3.8000000000000000e-01   9.0046946041856535e-01   9.7241714801513293e-02   1.1393853627390809e-03   1.0985386578296711e-04   1.0395855514012855e-03   3.1887943312564684e-02
  3.9000000000000001e-01   9.0050478295598912e-01   9.7201485881015237e-02   1.1428630954011074e-03   1.1012222566058215e-04   1.0407458419360118e-03   3.1939321201734629e-02
  4.0000000000000002e-01   9.0053900517383734e-01   9.7162359460530978e-02   1.1463323974984386e-03   1.1039108329792065e-04   1.0419118848374899e-03   3.1990736519126525e-02
  4.0999999999999998e-01   9.0057215758360276e-01   9.7124304971387201e-02   1.1497933462295913e-03   1.1066044107672331e-04   1.0430836577059771e-03   3.2042189417616163e-02
  4.1999999999999998e-01   9.0060426985074982e-01   9.7087292692483063e-02   1.1532460170827273e-03   1.1093030136742789e-04   1.0442611383192468e-03   3.2093680046677411e-02
  4.2999999999999999e-01   9.0063537081817235e-01   9.7051293726789736e-02   1.1566904838817252e-03   1.1120066652949633e-04   1.0454443046290548e-03   3.2145208552443967e-02
  4.4000000000000000e-01   9.0066548852900086e-01   9.7016279978501249e-02   1.1601268188309796e-03   1.1147153891173254e-04   1.0466331347577032e-03   3.2196775077769225e-02
  4.5000000000000001e-01   9.0069465024877737e-01   9.6982224130819084e-02   1.1635550925589639e-03   1.1174292085259146e-04   1.0478276069946911e-03   3.2248379762284243e-02
  4.6000000000000002e-01   9.0072288248701560e-01   9.6949099624352691e-02   1.1669753741605890e-03   1.1201481468047923e-04   1.0490276997934575e-03   3.2300022742453853e-02
  4.6999999999999997e-01   9.0075021101816344e-01   9.6916880636118807e-02   1.1703877312383923e-03   1.1228722271404530e-04   1.0502333917682077e-03   3.2351704151631057e-02
  4.7999999999999998e-01   9.0077666090198394e-01   9.6885542059123114e-02   1.1737922299425872e-03   1.1256014726246629e-04   1.0514446616908268e-03   3.2403424120109721e-02
  4.8999999999999999e-01   9.0080225650337120e-01   9.6855059482508124e-02   1.1771889350100100e-03   1.1283359062572225e-04   1.0526614884878729e-03   3.2455182775175576e-02
  5.0000000000000000e-01   9.0082702151161709e-01   9.6825409172251339e-02   1.1805779098019865e-03   1.1310755509486528e-04   1.0538838512376488e-03   3.2506980241155725e-02
  5.1000000000000001e-01   9.0085097895914346e-01   9.6796568052398682e-02   1.1839592163411573e-03   1.1338204295228095e-04   1.0551117291673527e-03   3.2558816639466498e-02
  5.2000000000000002e-01   9.0087415123971526e-01   9.6768513686818255e-02   1.1873329153472829e-03   1.1365705647194259e-04   1.0563451016503045e-03   3.2610692088659902e-02
  5.3000000000000003e-01   9.0089656012614805e-01   9.6741224261460035e-02   1.1906990662720613e-03   1.1393259791965897e-04   1.0575839482032420e-03   3.2662606704468598e-02
  5.4000000000000004e-01   9.0091822678752564e-01   9.6714678567107429e-02   1.1940577273329845e-03   1.1420866955331522e-04   1.0588282484836910e-03   3.2714560599849528e-02
  5.5000000000000004e-01   9.0093917180593930e-01   9.6688855982607042e-02   1.1974089555462583e-03   1.1448527362310752e-04   1.0600779822874035e-03   3.2766553885026140e-02
  5.6000000000000005e-01   9.0095941519276324e-01   9.6663736458563479e-02   1.2007528067588160e-03   1.1476241237177156e-04   1.0613331295458621e-03   3.2818586667529327e-02
  5.6999999999999995e-01   9.0097897640447877e-01   9.6639300501486267e-02   1.2040893356794458e-03   1.1504008803480507e-04   1.0625936703238521e-03   3.2870659052237163e-02
  5.7999999999999996e-01   9.0099787435806000e-01   9.6615529158376248e-02   1.2074185959090606e-03   1.1531830284068459e-04   1.0638595848170933e-03   3.2922771141413287e-02
  5.8999999999999997e-01   9.0101612744593262e-01   9.6592404001739421e-02   1.2107406399701304e-03   1.1559705901107668e-04   1.0651308533499379e-03   3.2974923034744252e-02
  5.9999999999999998e-01   9.0103375355051740e-01   9.6569907115016229e-02   1.2140555193353041e-03   1.1587635876104369e-04   1.0664074563731247e-03   3.3027114829375648e-02
  6.0999999999999999e-01   9.0105077005837220e-01   9.6548021078414953e-02   1.2173632844552399e-03   1.1615620429924438e-04   1.0676893744615940e-03   3.3079346619947082e-02
  6.2000000000000000e-01   9.0106719387393952e-01   9.6526728955137794e-02   1.2206639847856691e-03   1.1643659782812935e-04   1.0689765883123584e-03   3.3131618498626218e-02
  6.3000000000000000e-01   9.0108304143291440e-01   9.6506014277988980e-02   1.2239576688137109e-03   1.1671754154413164e-04   1.0702690787424288e-03   3.3183930555141572e-02
  6.4000000000000001e-01   9.0109832871524165e-01   9.6485861036354009e-02   1.2272443840834633e-03   1.1699903763785271e-04   1.0715668266867934e-03   3.3236282876814544e-02
  6.5000000000000002e-01   9.0111307125775220e-01   9.6466253663540155e-02   1.2305241772208870e-03   1.1728108829424352e-04   1.0728698131964513e-03   3.3288675548590205e-02
  6.6000000000000003e-01   9.0112728416644894e-01   9.6447177024467742e-02   1.2337970939580020e-03   1.1756369569278142e-04   1.0741780194364944e-03   3.3341108653067358e-02
  6.7000000000000004e-01   9.0114098212845284e-01   9.6428616403702955e-02   1.2370631791564185e-03   1.1784686200764266e-04   1.0754914266842388e-03   3.3393582270527598e-02
  6.8000000000000005e-01   9.0115417942361642e-01   9.6410557493822185e-02   1.2403224768302167e-03   1.1813058940787060e-04   1.0768100163274059e-03   3.3446096478963398e-02
  6.8999999999999995e-01   9.0116688993581684e-01   9.6392986384099225e-02   1.2435750301681967e-03   1.1841488005753994e-04   1.0781337698623499e-03   3.3498651354105471e-02
  6.9999999999999996e-01   9.0117912716393456e-01   9.6375889549506044e-02   1.2468208815555157e-03   1.1869973611591712e-04   1.0794626688923278e-03   3.3551246969449201e-02
  7.0999999999999996e-01   9.0119090423252779e-01   9.6359253840018491e-02   1.2500600725947263e-03   1.1898515973761672e-04   1.0807966951258182e-03   3.3603883396280274e-02
  7.1999999999999997e-01   9.0120223390221199e-01   9.6343066470218619e-02   1.2532926441262374e-03   1.1927115307275429e-04   1.0821358303748790e-03   3.3656560703699524e-02
  7.2999999999999998e-01   9.0121312857975033e-01   9.6327315009185219e-02   1.2565186362482081e-03   1.1955771826709556e-04   1.0834800565535498e-03   3.3709278958647108e-02
  7.3999999999999999e-01   9.0122360032786542e-01   9.6311987370664764e-02   1.2597380883358953e-03   1.1984485746220214e-04   1.0848293556762923e-03   3.3762038225925668e-02
  7.5000000000000000e-01   9.0123366087477741e-01   9.6297071803514669e-02   1.2629510390604686e-03   1.2013257279557392e-04   1.0861837098564730e-03   3.3814838568223114e-02
  7.6000000000000001e-01   9.0124332162347975e-01   9.6282556882411857e-02   1.2661575264073046e-03   1.2042086640078814e-04   1.0875431013048819e-03   3.3867680046134455e-02
  7.7000000000000002e-01   9.0125259366075638e-01   9.6268431498818613e-02   1.2693575876937782e-03   1.2070974040763529e-04   1.0889075123282892e-03   3.3920562718183035e-02
  7.8000000000000003e-01   9.0126148776594872e-01   9.6254684852199165e-02   1.2725512595865645e-03   1.2099919694225200e-04   1.0902769253280412e-03   3.3973486640841113e-02
  7.9000000000000004e-01   9.0127001441948074e-01   9.6241306441479699e-02   1.2757385781184626e-03   1.2128923812725081e-04   1.0916513227986850e-03   3.4026451868549835e-02
  8.0000000000000004e-01   9.0127818381114666e-01   9.6228286056745105e-02   1.2789195787047583e-03   1.2157986608184717e-04   1.0930306873266349e-03   3.4079458453738429e-02
  8.1000000000000005e-01   9.0128600584816887e-01   9.6215613771166220e-02   1.2820942961591325e-03   1.2187108292198351e-04   1.0944150015888673e-03   3.4132506446843007e-02
  8.1999999999999995e-01   9.0129349016303340e-01   9.6203279933150435e-02   1.2852627647091362e-03   1.2216289076045077e-04   1.0958042483516506e-03   3.4185595896324597e-02
  8.2999999999999996e-01   9.0130064612110716e-01   9.6191275158710454e-02   1.2884250180112352e-03   1.2245529170700696e-04   1.0971984104693054e-03   3.4238726848686681e-02
  8.3999999999999997e-01   9.0130748282804396e-01   9.6179590324044245e-02   1.2915810891654448e-03   1.2274828786849342e-04   1.0985974708829960e-03   3.4291899348492208e-02
  8.4999999999999998e-01   9.0131400913698623e-01   9.6168216558320974e-02   1.2947310107295578e-03   1.2304188134894855e-04   1.1000014126195516e-03   3.4345113438379989e-02
  8.5999999999999999e-01   9.0132023365556546e-01   9.6157145236666811e-02   1.2978748147329843e-03   1.2333607424971888e-04   1.1014102187903170e-03   3.4398369159080594e-02
  8.7000000000000000e-01   9.0132616475271021e-01   9.6146367973345317e-02   1.3010125326902082e-03   1.2363086866956809e-04   1.1028238725900310e-03   3.4451666549431735e-02
  8.8000000000000000e-01   9.0133181056526412e-01   9.6135876615126917e-02   1.3041441956138766e-03   1.2392626670478340e-04   1.1042423572957334e-03   3.4505005646393160e-02
  8.9000000000000001e-01   9.0133717900442090e-01   9.6125663234842063e-02   1.3072698340275259e-03   1.2422227044928024e-04   1.1056656562656968e-03   3.4558386485061071e-02
  9.0000000000000002e-01   9.0134227776198106e-01   9.6115720125113366e-02   1.3103894779779601e-03   1.2451888199470405e-04   1.1070937529383867e-03   3.4611809098681987e-02
  9.1000000000000003e-01   9.0134711431643477e-01   9.6106039792261413e-02   1.3135031570472894e-03   1.2481610343053069e-04   1.1085266308314451e-03   3.4665273518666322e-02
  9.2000000000000004e-01   9.0135169593887643e-01   9.6096614950379550e-02   1.3166109003646350e-03   1.2511393684416417e-04   1.1099642735407002e-03   3.4718779774601277e-02
  9.3000000000000005e-01   9.0135602969875495e-01   9.6087438515572901e-02   1.3197127366175166e-03   1.2541238432103288e-04   1.1114066647391987e-03   3.4772327894263481e-02
  9.3999999999999995e-01   9.0136012246946462e-01   9.6078503600357301e-02   1.3228086940629239e-03   1.2571144794468371e-04   1.1128537881762623e-03   3.4825917903631161e-02
  9.4999999999999996e-01   9.0136398093378101e-01   9.6069803508213328e-02   1.3258988005380842e-03   1.2601112979687421e-04   1.1143056276765673e-03   3.4879549826895853e-02
  9.5999999999999996e-01   9.0136761158914658e-01   9.6061331728291427e-02   1.3289830834709369e-03   1.2631143195766307e-04   1.1157621671392445e-03   3.4933223686473752e-02
  9.6999999999999997e-01   9.0137102075280906e-01   9.6053081930263906e-02   1.3320615698903173e-03   1.2661235650549856e-04   1.1172233905370017e-03   3.4986939503016630e-02
  9.7999999999999998e-01   9.0137421456681799e-01   9.6045047959319521e-02   1.3351342864358633e-03   1.2691390551730571e-04   1.1186892819152678e-03   3.5040697295422439e-02
  9.8999999999999999e-01   9.0137719900288149e-01   9.6037223831296967e-02   1.3382012593676487e-03   1.2721608106857130e-04   1.1201598253913563e-03   3.5094497080845430e-02
  1.0000000000000000e+00   9.0137997986709018e-01   9.6029603727953300e-02   1.3412625145755547e-03   1.2751888523342757e-04   1.1216350051536479e-03   3.5148338874706066e-02
  1.0100000000000000e+00   9.0138256280450890e-01   9.6022181992363440e-02   1.3443180775883803e-03   1.2782232008473412e-04   1.1231148054607926e-03   3.5202222690700426e-02
  1.0200000000000000e+00   9.0138495330364121e-01   9.6014953124447341e-02   1.3473679735827081e-03   1.2812638769415851e-04   1.1245992106409326e-03   3.5256148540809301e-02
  1.0300000000000000e+00   9.0138715670077052e-01   9.6007911776621171e-02   1.3504122273915228e-03   1.2843109013225499e-04   1.1260882050909400e-03   3.5310116435307043e-02
  1.0400000000000000e+00   9.0138917818418063e-01   9.6001052749569021e-02   1.3534508635125960e-03   1.2873642946854215e-04   1.1275817732756754e-03   3.5364126382769950e-02
  1.0500000000000000e+00   9.0139102279825922e-01   9.5994370988131850e-02   1.3564839061166415e-03   1.2904240777157888e-04   1.1290798997272600e-03   3.5418178390084466e-02
  1.0600000000000001e+00   9.0139269544748746e-01   9.5987861577310499e-02   1.3595113790552445e-03   1.2934902710903904e-04   1.1305825690443685e-03   3.5472272462454928e-02
  1.0700000000000001e+00   9.0139420090031930e-01   9.5981519738379442e-02   1.3625333058685781e-03   1.2965628954778488e-04   1.1320897658915353e-03   3.5526408603411108e-02
  1.0800000000000001e+00   9.0139554379295306e-01   9.5975340825108321e-02   1.3655497097929048e-03   1.2996419715393881e-04   1.1336014749984782e-03   3.5580586814815428e-02
  1.0900000000000001e+00   9.0139672863299836e-01   9.5969320320088244e-02   1.3685606137678753e-03   1.3027275199295436e-04   1.1351176811594357e-03   3.5634807096869857e-02
  1.1000000000000001e+00   9.0139775980304115e-01   9.5963453831159992e-02   1.3715660404436272e-03   1.3058195612968544e-04   1.1366383692325219e-03   3.5689069448122550e-02
  1.1100000000000001e+00   9.0139864156411076e-01   9.5957737087941156e-02   1.3745660121876895e-03   1.3089181162845482e-04   1.1381635241390932e-03   3.5743373865474201e-02
  1.1200000000000001e+00   9.0139937805904957e-01   9.5952165938449629e-02   1.3775605510916963e-03   1.3120232055312096e-04   1.1396931308631322e-03   3.5797720344184131e-02
  1.1299999999999999e+00   9.0139997331579080e-01   9.5946736345820793e-02   1.3805496789779227e-03   1.3151348496714401e-04   1.1412271744506406e-03   3.5852108877876050e-02
  1.1399999999999999e+00   9.0140043125054337e-01   9.5941444385115551e-02   1.3835334174056365e-03   1.3182530693365080e-04   1.1427656400090527e-03   3.5906539458543718e-02
  1.1499999999999999e+00   9.0140075567089073e-01   9.5936286240217050e-02   1.3865117876772786e-03   1.3213778851549823e-04   1.1443085127066537e-03   3.5961012076556165e-02
  1.1599999999999999e+00   9.0140095027880218e-01   9.5931258200813288e-02   1.3894848108444776e-03   1.3245093177533614e-04   1.1458557777720183e-03   3.6015526720662702e-02
  1.1699999999999999e+00   9.0140101867356093e-01   9.5926356659463502e-02   1.3924525077138948e-03   1.3276473877566885e-04   1.1474074204934561e-03   3.6070083377997816e-02
  1.1799999999999999e+00   9.0140096435461137e-01   9.5921578108745811e-02   1.3954148988529161e-03   1.3307921157891566e-04   1.1489634262184720e-03   3.6124682034085712e-02
  1.1899999999999999e+00   9.0140079072432755e-01   9.5916919138484061e-02   1.3983720045951842e-03   1.3339435224747064e-04   1.1505237803532374e-03   3.6179322672844592e-02
  1.2000000000000000e+00   9.0140050109070435e-01   9.5912376433051436e-02   1.4013238450459812e-03   1.3371016284376112e-04   1.1520884683620728e-03   3.6234005276590875e-02
  1.2100000000000000e+00   9.0140009866997395e-01   9.5907946768748850e-02   1.4042704400874669e-03   1.3402664543030545e-04   1.1536574757669408e-03   3.6288729826042941e-02
  1.2200000000000000e+00   9.0139958658915076e-01   9.5903627011256112e-02   1.4072118093837727e-03   1.3434380206976991e-04   1.1552307881469521e-03   3.6343496300324935e-02
  1.2300000000000000e+00   9.0139896788850493e-01   9.5899414113153725e-02   1.4101479723859554e-03   1.3466163482502439e-04   1.1568083911378797e-03   3.6398304676970090e-02
  1.2400000000000000e+00   9.0139824552396663e-01   9.5895305111513326e-02   1.4130789483368220e-03   1.3498014575919767e-04   1.1583902704316834e-03   3.6453154931924102e-02
  1.2500000000000000e+00   9.0139742236946530e-01   9.5891297125555053e-02   1.4160047562756157e-03   1.3529933693573148e-04   1.1599764117760463e-03   3.6508047039548040e-02
  1.2600000000000000e+00   9.0139650121920323e-01   9.5887387354369746e-02   1.4189254150425820e-03   1.3561921041843391e-04   1.1615668009739182e-03   3.6562980972621291e-02
  1.2700000000000000e+00   9.0139548478986564e-01   9.5883573074704395e-02   1.4218409432834064e-03   1.3593976827153199e-04   1.1631614238830717e-03   3.6617956702344114e-02
  1.2800000000000000e+00   9.0139437572277015e-01   9.5879851638809035e-02   1.4247513594535328e-03   1.3626101255972354e-04   1.1647602664156638e-03   3.6672974198340154e-02
  1.2900000000000000e+00   9.0139317658595652e-01   9.5876220472343135e-02   1.4276566818223659e-03   1.3658294534822811e-04   1.1663633145378085e-03   3.6728033428658644e-02
  1.3000000000000000e+00   9.0139188987621854e-01   9.5872677072340221e-02   1.4305569284773583e-03   1.3690556870283734e-04   1.1679705542691592e-03   3.6783134359776523e-02
  1.3100000000000001e+00   9.0139051802107872e-01   9.5869219005228948e-02   1.4334521173279885e-03   1.3722888468996442e-04   1.1695819716824960e-03   3.6838276956600316e-02
  1.3200000000000001e+00   9.0138906338070968e-01   9.5865843904908848e-02   1.4363422661096304e-03   1.3755289537669302e-04   1.1711975529033250e-03   3.6893461182467870e-02
  1.3300000000000001e+00   9.0138752824980084e-01   9.5862549470879674e-02   1.4392273923873177e-03   1.3787760283082541e-04   1.1728172841094832e-03   3.6948686999149778e-02
  1.3400000000000001e+00   9.0138591485937458e-01   9.5859333466422447e-02   1.4421075135594083e-03   1.3820300912092997e-04   1.1744411515307517e-03   3.7003954366850909e-02
  1.3500000000000001e+00   9.0138422537855123e-01   9.5856193716830962e-02   1.4449826468611476e-03   1.3852911631638803e-04   1.1760691414484774e-03   3.7059263244211493e-02
  1.3600000000000001e+00   9.0138246191626514e-01   9.5853128107692406e-02   1.4478528093681375e-03   1.3885592648744003e-04   1.1777012401952003e-03   3.7114613588308219e-02
  1.3700000000000001e+00   9.0138062652293371e-01   9.5850134583215549e-02   1.4507180179997115e-03   1.3918344170523096e-04   1.1793374341542906e-03   3.7170005354655013e-02
  1.3799999999999999e+00   9.0137872119207951e-01   9.5847211144605371e-02   1.4535782895222175e-03   1.3951166404185561e-04   1.1809777097595898e-03   3.7225438497203882e-02
  1.3899999999999999e+00   9.0137674786190825e-01   9.5844355848482707e-02   1.4564336405522150e-03   1.3984059557040261e-04   1.1826220534950599e-03   3.7280912968345334e-02
  1.3999999999999999e+00   9.0137470841684186e-01   9.5841566805347694e-02   1.4592840875595830e-03   1.4017023836499835e-04   1.1842704518944406e-03   3.7336428718908889e-02
  1.4099999999999999e+00   9.0137260468901048e-01   9.5838842178085915e-02   1.4621296468705469e-03   1.4050059450085019e-04   1.1859228915409115e-03   3.7391985698163231e-02
  1.4199999999999999e+00   9.0137043845970133e-01   9.5836180180515873e-02   1.4649703346706223e-03   1.4083166605428907e-04   1.1875793590667588e-03   3.7447583853816413e-02
  1.4299999999999999e+00   9.0136821146076884e-01   9.5833579075976727e-02   1.4678061670074828e-03   1.4116345510281159e-04   1.1892398411530534e-03   3.7503223132015706e-02
  1.4399999999999999e+00   9.0136592537600557e-01   9.5831037175955286e-02   1.4706371597937467e-03   1.4149596372512168e-04   1.1909043245293277e-03   3.7558903477347472e-02
  1.4500000000000000e+00   9.0136358184247412e-01   9.5828552838750983e-02   1.4734633288096923e-03   1.4182919400117160e-04   1.1925727959732658e-03   3.7614624832836854e-02
  1.4600000000000000e+00   9.0136118245180286e-01   9.5826124468177884e-02   1.4762846897058994e-03   1.4216314801220251e-04   1.1942452423103931e-03   3.7670387139947206e-02
  1.4700000000000000e+00   9.0135872875144618e-01   9.5823750512302741e-02   1.4791012580058199e-03   1.4249782784078456e-04   1.1959216504137755e-03   3.7726190338579629e-02
  1.4800000000000000e+00   9.0135622224590861e-01   9.5821429462217902e-02   1.4819130491082802e-03   1.4283323557085645e-04   1.1976020072037210e-03   3.7782034367072101e-02
  1.4900000000000000e+00   9.0135366439793585e-01   9.5819159850848462e-02   1.4847200782899174e-03   1.4316937328776464e-04   1.1992862996474893e-03   3.7837919162198676e-02
  1.5000000000000000e+00   9.0135105662967241e-01   9.5816940251792215e-02   1.4875223607075491e-03   1.4350624307830190e-04   1.2009745147590035e-03   3.7893844659168466e-02
  1.5100000000000000e+00   9.0134840032378771e-01   9.5814769278192061e-02   1.4903199114004811e-03   1.4384384703074567e-04   1.2026666395985701e-03   3.7949810791624516e-02
  1.5200000000000000e+00   9.0134569682457000e-01   9.5812645581639391e-02   1.4931127452927533e-03   1.4418218723489572e-04   1.2043626612725999e-03   3.8005817491642530e-02
  1.5300000000000000e+00   9.0134294743899079e-01   9.5810567851108100e-02   1.4959008771953262e-03   1.4452126578211162e-04   1.2060625669333379e-03   3.8061864689729483e-02
  1.5400000000000000e+00   9.0134015343773943e-01   9.5808534811918089e-02   1.4986843218082104e-03   1.4486108476534961e-04   1.2077663437785940e-03   3.8117952314822123e-02
  1.5500000000000000e+00   9.0133731605622913e-01   9.5806545224727424e-02   1.5014630937225356e-03   1.4520164627919920e-04   1.2094739790514801e-03   3.8174080294285359e-02
  1.5600000000000001e+00   9.0133443649557465e-01   9.5804597884552561e-02   1.5042372074225712e-03   1.4554295241991935e-04   1.2111854600401508e-03   3.8230248553910523e-02
  1.5700000000000001e+00   9.0133151592354344e-01   9.5802691619815680e-02   1.5070066772876871e-03   1.4588500528547413e-04   1.2129007740775497e-03   3.8286457017913465e-02
  1.5800000000000001e+00   9.0132855547548052e-01   9.5800825291418396e-02   1.5097715175942674e-03   1.4622780697556826e-04   1.2146199085411574e-03   3.8342705608932624e-02
  1.5900000000000001e+00   9.0132555625520672e-01   9.5798997791841228e-02   1.5125317425175706e-03   1.4657135959168194e-04   1.2163428508527455e-03   3.8398994248026876e-02
  1.6000000000000001e+00   9.0132251933589325e-01   9.5797208044268001e-02   1.5152873661335420e-03   1.4691566523710578e-04   1.2180695884781334e-03   3.8455322854673402e-02
  1.6100000000000001e+00   9.0131944576091105e-01   9.5795455001734517e-02   1.5180384024205797e-03   1.4726072601697486e-04   1.2198001089269506e-03   3.8511691346765284e-02
  1.6200000000000001e+00   9.0131633654465726e-01   9.5793737646300850e-02   1.5207848652612501e-03   1.4760654403830282e-04   1.2215343997523994e-03   3.8568099640609185e-02
  1.6299999999999999e+00   9.0131319267335852e-01   9.5792054988246611e-02   1.5235267684439639e-03   1.4795312141001546e-04   1.2232724485510247e-03   3.8624547650922665e-02
  1.6399999999999999e+00   9.0131001510585185e-01   9.5790406065288394e-02   1.5262641256646033e-03   1.4830046024298419e-04   1.2250142429624854e-03   3.8681035290831743e-02
  1.6499999999999999e+00   9.0130680477434366e-01   9.5788789941819150e-02   1.5289969505281093e-03   1.4864856265005876e-04   1.2267597706693289e-03   3.8737562471867951e-02
  1.6599999999999999e+00   9.0130356258514899e-01   9.5787205708168455e-02   1.5317252565500265e-03   1.4899743074610035e-04   1.2285090193967713e-03   3.8794129103965611e-02
  1.6699999999999999e+00   9.0130028941940854e-01   9.5785652479883382e-02   1.5344490571580090e-03   1.4934706664801348e-04   1.2302619769124781e-03   3.8850735095458784e-02
  1.6799999999999999e+00   9.0129698613378695e-01   9.5784129397029225e-02   1.5371683656932845e-03   1.4969747247477839e-04   1.2320186310263485e-03   3.8907380353078315e-02
  1.6899999999999999e+00   9.0129365356115099e-01   9.5782635623509790e-02   1.5398831954120823e-03   1.5004865034748280e-04   1.2337789695903050e-03   3.8964064781948589e-02
  1.7000000000000000e+00   9.0129029251123005e-01   9.5781170346406305e-02   1.5425935594870241e-03   1.5040060238935346e-04   1.2355429804980836e-03   3.9020788285584293e-02
  1.7100000000000000e+00   9.0128690377125686e-01   9.5779732775334844e-02   1.5452994710084772e-03   1.5075333072578730e-04   1.2373106516850281e-03   3.9077550765887134e-02
  1.7200000000000000e+00   9.0128348810659142e-01   9.5778322141821429e-02   1.5480009429858748e-03   1.5110683748438241e-04   1.2390819711278868e-03   3.9134352123142237e-02
  1.7300000000000000e+00   9.0128004626132774e-01   9.5776937698694622e-02   1.5506979883490016e-03   1.5146112479496883e-04   1.2408569268446119e-03   3.9191192256014765e-02
  1.7400000000000000e+00   9.0127657895888325e-01   9.5775578719494783e-02   1.5533906199492434e-03   1.5181619478963897e-04   1.2426355068941629e-03   3.9248071061546125e-02
  1.7500000000000000e+00   9.0127308690257135e-01   9.5774244497899771e-02   1.5560788505608095e-03   1.5217204960277784e-04   1.2444176993763093e-03   3.9304988435150345e-02
  1.7600000000000000e+00   9.0126957077615988e-01   9.5772934347166688e-02   1.5587626928819192e-03   1.5252869137109297e-04   1.2462034924314413e-03   3.9361944270610176e-02
  1.7700000000000000e+00   9.0126603124441218e-01   9.5771647599588838e-02   1.5614421595359607e-03   1.5288612223364421e-04   1.2479928742403774e-03   3.9418938460073147e-02
  1.7800000000000000e+00   9.0126246895361428e-01   9.5770383605968082e-02   1.5641172630726193e-03   1.5324434433187318e-04   1.2497858330241785e-03   3.9475970894047648e-02
  1.7900000000000000e+00   9.0125888453208691e-01   9.5769141735101510e-02   1.5667880159689763e-03   1.5360335980963257e-04   1.2515823570439615e-03   3.9533041461398688e-02
  1.8000000000000000e+00   9.0125527859068399e-01   9.5767921373282522e-02   1.5694544306305805e-03   1.5396317081321515e-04   1.2533824346007171e-03   3.9590150049343818e-02
  1.8100000000000001e+00   9.0125165172327626e-01   9.5766721923815704e-02   1.5721165193924925e-03   1.5432377949138270e-04   1.2551860540351305e-03   3.9647296543448771e-02
  1.8200000000000001e+00   9.0124800450722287e-01   9.5765542806545131e-02   1.5747742945203019e-03   1.5468518799539456e-04   1.2569932037274007e-03   3.9704480827623116e-02
  1.8300000000000001e+00   9.0124433750382804e-01   9.5764383457395824e-02   1.5774277682111201e-03   1.5504739847903607e-04   1.2588038720970679e-03   3.9761702784115796e-02
  1.8400000000000001e+00   9.0124065125878738e-01   9.5763243327927794e-02   1.5800769525945450e-03   1.5541041309864685e-04   1.2606180476028351e-03   3.9818962293510569e-02
  1.8500000000000001e+00   9.0123694630261952e-01   9.5762121884902560e-02   1.5827218597336062e-03   1.5577423401314885e-04   1.2624357187424004e-03   3.9876259234721378e-02
  1.8600000000000001e+00   9.0123322315108767e-01   9.5761018609861651e-02   1.5853625016256808e-03   1.5613886338407414e-04   1.2642568740522844e-03   3.9933593484987685e-02
  1.8700000000000001e+00   9.0122948230560807e-01   9.5759932998716754e-02   1.5879988902033901e-03   1.5650430337559251e-04   1.2660815021076630e-03   3.9990964919869511e-02
  1.8799999999999999e+00   9.0122572425364800e-01   9.5758864561351312e-02   1.5906310373354729e-03   1.5687055615453923e-04   1.2679095915222028e-03   4.0048373413242765e-02
  1.8899999999999999e+00   9.0122194946911260e-01   9.5757812821233135e-02   1.5932589548276366e-03   1.5723762389044201e-04   1.2697411309478945e-03   4.0105818837294097e-02
  1.8999999999999999e+00   9.0121815841272024e-01   9.5756777315037650e-02   1.5958826544233873e-03   1.5760550875554844e-04   1.2715761090748917e-03   4.0163301062515949e-02
  1.9099999999999999e+00   9.0121435153236906e-01   9.5755757592281776e-02   1.5985021478048390e-03   1.5797421292485276e-04   1.2734145146313510e-03   4.0220819957701354e-02
  1.9199999999999999e+00   9.0121052926349121e-01   9.5754753214967805e-02   1.6011174465935031e-03   1.5834373857612287e-04   1.2752563363832722e-03   4.0278375389938795e-02
  1.9299999999999999e+00   9.0120669202939951e-01   9.5753763757237223e-02   1.6037285623510583e-03   1.5871408788992682e-04   1.2771015631343409e-03   4.0335967224606813e-02
  1.9399999999999999e+00   9.0120284024162256e-01   9.5752788805034128e-02   1.6063355065801016e-03   1.5908526304965950e-04   1.2789501837257751e-03   4.0393595325368722e-02
  1.9500000000000000e+00   9.0119897430023166e-01   9.5751827955777996e-02   1.6089382907248804e-03   1.5945726624156880e-04   1.2808021870361682e-03   4.0451259554167077e-02
  1.9600000000000000e+00   9.0119509459415881e-01   9.5750880818045447e-02   1.6115369261720067e-03   1.5983009965478203e-04   1.2826575619813393e-03   4.0508959771218205e-02
  1.9700000000000000e+00   9.0119120150150489e-01   9.5749947011260869e-02   1.6141314242511548e-03   1.6020376548133192e-04   1.2845162975141809e-03   4.0566695835006550e-02
  1.9800000000000000e+00   9.0118729538984033e-01   9.5749026165395712e-02   1.6167217962357408e-03   1.6057826591618253e-04   1.2863783826245105e-03   4.0624467602279002e-02
  1.9900000000000000e+00   9.0118337661649672e-01   9.5748117920675960e-02   1.6193080533435864e-03   1.6095360315725518e-04   1.2882438063389230e-03   4.0682274928039115e-02
  2.0000000000000000e+00   9.0117944552885099e-01   9.5747221927297871e-02   1.6218902067375658e-03   1.6132977940545401e-04   1.2901125577206428e-03   4.0740117665541233e-02
  2.0099999999999998e+00   9.0117550246460087e-01   9.5746337845151436e-02   1.6244682675262381e-03   1.6170679686469165e-04   1.2919846258693806e-03   4.0797995666284635e-02
  2.0200000000000000e+00   9.0117154775203345e-01   9.5745465343551675e-02   1.6270422467644637e-03   1.6208465774191467e-04   1.2938599999211885e-03   4.0855908780007472e-02
  2.0299999999999998e+00   9.0116758171028610e-01   9.5744604100977210e-02   1.6296121554540057e-03   1.6246336424712878e-04   1.2957386690483185e-03   4.0913856854680762e-02
  2.0400000000000000e+00   9.0116360464959988e-01   9.5743753804816284e-02   1.6321780045441177e-03   1.6284291859342429e-04   1.2976206224590821e-03   4.0971839736502112e-02
  2.0499999999999998e+00   9.0115961687156632e-01   9.5742914151119615e-02   1.6347398049321167e-03   1.6322332299700091e-04   1.2995058493977089e-03   4.1029857269889641e-02
  2.0600000000000001e+00   9.0115561866936711e-01   9.5742084844360295e-02   1.6372975674639443e-03   1.6360457967719310e-04   1.3013943391442088e-03   4.1087909297475592e-02
  2.0699999999999998e+00   9.0115161032800728e-01   9.5741265597200170e-02   1.6398513029347119e-03   1.6398669085649468e-04   1.3032860810142362e-03   4.1145995660099986e-02
  2.0800000000000001e+00   9.0114759212454132e-01   9.5740456130262816e-02   1.6424010220892351e-03   1.6436965876058385e-04   1.3051810643589519e-03   4.1204116196804155e-02
  2.0899999999999999e+00   9.0114356432829434e-01   9.5739656171912824e-02   1.6449467356225540e-03   1.6475348561834779e-04   1.3070792785648895e-03   4.1262270744824241e-02
  2.1000000000000001e+00   9.0113952720107593e-01   9.5738865458041042e-02   1.6474884541804438e-03   1.6513817366190726e-04   1.3089807130538215e-03   4.1320459139584563e-02
  2.1099999999999999e+00   9.0113548099738805e-01   9.5738083731856008e-02   1.6500261883599108e-03   1.6552372512664121e-04   1.3108853572826257e-03   4.1378681214691002e-02
  2.1200000000000001e+00   9.0113142596462836e-01   9.5737310743680970e-02   1.6525599487096782e-03   1.6591014225121123e-04   1.3127932007431550e-03   4.1436936801924215e-02
  2.1299999999999999e+00   9.0112736234328639e-01   9.5736546250756629e-02   1.6550897457306610e-03   1.6629742727758575e-04   1.3147042329621054e-03   4.1495225731232828e-02
  2.1400000000000001e+00   9.0112329036713579e-01   9.5735790017049308e-02   1.6576155898764288e-03   1.6668558245106461e-04   1.3166184435008889e-03   4.1553547830726588e-02
  2.1499999999999999e+00   9.0111921026341957e-01   9.5735041813064511e-02   1.6601374915536594e-03   1.6707461002030301e-04   1.3185358219555024e-03   4.1611902926669317e-02
  2.1600000000000001e+00   9.0111512225303181e-01   9.5734301415665551e-02   1.6626554611225814e-03   1.6746451223733575e-04   1.3204563579564017e-03   4.1670290843472034e-02
  2.1699999999999999e+00   9.0111102655069308e-01   9.5733568607897279e-02   1.6651695088974062e-03   1.6785529135760133e-04   1.3223800411683749e-03   4.1728711403685642e-02
  2.1800000000000002e+00   9.0110692336512188e-01   9.5732843178814697e-02   1.6676796451467512e-03   1.6824694963996591e-04   1.3243068612904161e-03   4.1787164427993982e-02
  2.1899999999999999e+00   9.0110281289920102e-01   9.5732124923316272e-02   1.6701858800940530e-03   1.6863948934674723e-04   1.3262368080556020e-03   4.1845649735206394e-02
  2.2000000000000002e+00   9.0109869535013920e-01   9.5731413641981913e-02   1.6726882239179711e-03   1.6903291274373842e-04   1.3281698712309671e-03   4.1904167142250509e-02
  2.2100000000000000e+00   9.0109457090962808e-01   9.5730709140915471e-02   1.6751866867527839e-03   1.6942722210023207e-04   1.3301060406173820e-03   4.1962716464164870e-02
  2.2200000000000002e+00   9.0109043976399517e-01   9.5730011231591514e-02   1.6776812786887742e-03   1.6982241968904369e-04   1.3320453060494300e-03   4.2021297514091428e-02
  2.2300000000000000e+00   9.0108630209435325e-01   9.5729319730706405e-02   1.6801720097726072e-03   1.7021850778653553e-04   1.3339876573952875e-03   4.2079910103268024e-02
  2.2400000000000002e+00   9.0108215807674363e-01   9.5728634460033588e-02   1.6826588900076996e-03   1.7061548867264038e-04   1.3359330845566023e-03   4.2138554041020862e-02
  2.2500000000000000e+00   9.0107800788227754e-01   9.5727955246282678e-02   1.6851419293545816e-03   1.7101336463088481e-04   1.3378815774683754e-03   4.2197229134756653e-02
  2.2599999999999998e+00   9.0107385167727283e-01   9.5727281920962720e-02   1.6876211377312507e-03   1.7141213794841324e-04   1.3398331260988418e-03   4.2255935189955157e-02
  2.2700000000000000e+00   9.0106968962338618e-01   9.5726614320249023e-02   1.6900965250135165e-03   1.7181181091601103e-04   1.3417877204493524e-03   4.2314672010161175e-02
