  0.0000000000000000e+00   8.7980000000000003e-01   1.2000000000000000e-01   1.0000000000000000e-04   1.0000000000000000e-04   0.0000000000000000e+00   4.6654355024499522e-04
  1.0000000000000000e-02   8.7984955187412450e-01   1.1994075455991156e-01   1.0970659749833641e-04   9.9948759548507260e-05   3.8208917077613971e-08   3.5298008323595223e-04
  2.0000000000000000e-02   8.7989812117425314e-01   1.1988249797694142e-01   1.1940496975182373e-04   9.9897726709274201e-05   7.8152344412218485e-08   3.5296251292968284e-04
  2.9999999999999999e-02   8.7994572463379950e-01   1.1982521343786766e-01   1.2909521620053176e-04   9.9846839242520997e-05   1.1987289012826083e-07   3.5294473460382439e-04
  4.0000000000000001e-02   8.7999237870159519e-01   1.1976888441539175e-01   1.3877743429463839e-04   9.9796092414293779e-05   1.6335630462532151e-07   3.5292676981167105e-04
  5.0000000000000003e-02   8.8003809954673762e-01   1.1971349466327626e-01   1.4845171951741073e-04   9.9745482010428412e-05   2.0858845881576259e-07   3.5290863761095869e-04
  5.9999999999999998e-02   8.8008290306334724e-01   1.1965902821156500e-01   1.5811816548851748e-04   9.9695004256842586e-05   2.5555534293866999e-07   3.5289035495051838e-04
  7.0000000000000007e-02   8.8012680487524375e-01   1.1960546936188475e-01   1.6777686405217778e-04   9.9644655754607092e-05   3.0424306539140930e-07   3.5287193673700420e-04
  8.0000000000000002e-02   8.8016982034054270e-01   1.1955280268282661e-01   1.7742790535332372e-04   9.9594433426623377e-05   3.5463785157793332e-07   3.5285339637827252e-04
  8.9999999999999997e-02   8.8021196455617423e-01   1.1950101300540612e-01   1.8707137790418684e-04   9.9544334473502505e-05   4.0672604277304227e-07   3.5283474580608063e-04
  1.0000000000000001e-01   8.8025325236232543e-01   1.1945008541860042e-01   1.9670736864315649e-04   9.9494356336802709e-05   4.6049409500184737e-07   3.5281599582584770e-04
  1.1000000000000000e-01   8.8029369834680593e-01   1.1940000526496145e-01   2.0633596298734184e-04   9.9444496668199236e-05   5.1592857793384325e-07   3.5279715605649907e-04
  1.2000000000000000e-01   8.8033331684934002e-01   1.1935075813630364e-01   2.1595724487995666e-04   9.9394753303473274e-05   5.7301617379107156e-07   3.5277823520690879e-04
  1.3000000000000000e-01   8.8037212196578585e-01   1.1930232986946497e-01   2.2557129683340867e-04   9.9345124240442646e-05   6.3174367627003163e-07   3.5275924116223988e-04
  1.4000000000000001e-01   8.8041012755228254e-01   1.1925470654214013e-01   2.3517819996879635e-04   9.9295607620138060e-05   6.9209798947683616e-07   3.5274018100052277e-04
  1.4999999999999999e-01   8.8044734722932672e-01   1.1920787446878453e-01   2.4477803405237433e-04   9.9246201710668301e-05   7.5406612687531618e-07   3.5272106114892085e-04
  1.6000000000000000e-01   8.8048379438578028e-01   1.1916182019658796e-01   2.5437087752944214e-04   9.9196904893339069e-05   8.1763521023434802e-07   3.5270186023729803e-04
  1.7000000000000001e-01   8.8051948218280929e-01   1.1911653050151672e-01   2.6395680755602496e-04   9.9147715650564299e-05   8.8279246867180686e-07   3.5268272672783844e-04
  1.7999999999999999e-01   8.8055442355775637e-01   1.1907199238442309e-01   2.7353590002864795e-04   9.9098632555521626e-05   9.4952523754681254e-07   3.5266345093889963e-04
  1.9000000000000000e-01   8.8058863122794728e-01   1.1902819306722098e-01   2.8310822961245293e-04   9.9049654263069306e-05   1.0178209574397587e-06   3.5264414543279530e-04
  2.0000000000000001e-01   8.8062211769443210e-01   1.1898511998912646e-01   2.9267386976786311e-04   9.9000779501680713e-05   1.0876671732626162e-06   3.5262480460230606e-04
  2.0999999999999999e-01   8.8065489524566332e-01   1.1894276080296244e-01   3.0223289277596794e-04   9.8952007066504199e-05   1.1590515332252082e-06   3.5260543208008599e-04
  2.2000000000000000e-01   8.8068697596111167e-01   1.1890110337152604e-01   3.1178536976277104e-04   9.8903335813195947e-05   1.2319617878713432e-06   3.5258603131051484e-04
  2.3000000000000001e-01   8.8071837171481970e-01   1.1886013576401783e-01   3.2133137072242282e-04   9.8854764652473026e-05   1.3063857891211754e-06   3.5256660540294057e-04
  2.3999999999999999e-01   8.8074909417889569e-01   1.1881984625253170e-01   3.3087096453954002e-04   9.8806292545284332e-05   1.3823114893243517e-06   3.5254715723839682e-04
  2.5000000000000000e-01   8.8077915482694746e-01   1.1878022330860451e-01   3.4040421901069959e-04   9.8757918498516912e-05   1.4597269403239169e-06   3.5252768960073800e-04
  2.6000000000000001e-01   8.8080856493745829e-01   1.1874125559982437e-01   3.4993120086518142e-04   9.8709641561167940e-05   1.5386202925306381e-06   3.5250820494175212e-04
  2.7000000000000002e-01   8.8083733559710509e-01   1.1870293198649667e-01   3.5945197578502418e-04   9.8661460820922907e-05   1.6189797940076541e-06   3.5248870562822857e-04
  2.8000000000000003e-01   8.8086547770402002e-01   1.1866524151836659e-01   3.6896660842445007e-04   9.8613375401089255e-05   1.7007937895653302e-06   3.5246919378886452e-04
  2.8999999999999998e-01   8.8089300197099774e-01   1.1862817343139766e-01   3.7847516242870533e-04   9.8565384457841731e-05   1.7840507198661683e-06   3.5244967155007137e-04
  2.9999999999999999e-01   8.8091991892864618e-01   1.1859171714460490e-01   3.8797770045236030e-04   9.8517487177784787e-05   1.8687391204972641e-06   3.5243005458737226e-04
  3.1000000000000000e-01   8.8094623892848611e-01   1.1855586225694184e-01   3.9747428417710425e-04   9.8469682775617425e-05   1.9548476211920691e-06   3.5241054226708111e-04
  3.2000000000000001e-01   8.8097197214599521e-01   1.1852059854424052e-01   4.0696497432906833e-04   9.8421970492087503e-05   2.0423649449861569e-06   3.5239109510497085e-04
  3.3000000000000002e-01   8.8099712858360324e-01   1.1848591595620352e-01   4.1644983069570439e-04   9.8374349592336705e-05   2.1312799071822407e-06   3.5237154952043971e-04
  3.4000000000000002e-01   8.8102171807363394e-01   1.1845180461344709e-01   4.2592891214224461e-04   9.8326819364168535e-05   2.2215814145707589e-06   3.5235200214676628e-04
  3.4999999999999998e-01   8.8104575028119858e-01   1.1841825480459472e-01   4.3540227662776642e-04   9.8279379116452789e-05   2.3132584646731752e-06   3.5233245426814932e-04
  3.5999999999999999e-01   8.8106923470703880e-01   1.1838525698341990e-01   4.4486998122088083e-04   9.8232028177792406e-05   2.4063001448662143e-06   3.5231290733566192e-04
  3.7000000000000000e-01   8.8109218069032291e-01   1.1835280176603760e-01   4.5433208211506404e-04   9.8184765895263762e-05   2.5006956315620792e-06   3.5229336262057750e-04
  3.8000000000000000e-01   8.8111459741139253e-01   1.1832087992814364e-01   4.6378863464364712e-04   9.8137591633264785e-05   2.5964341893974101e-06   3.5227382137681222e-04
  3.9000000000000001e-01   8.8113649389446436e-01   1.1828948240230071e-01   4.7323969329448007e-04   9.8090504772459851e-05   2.6935051704309467e-06   3.5225428465440322e-04
  4.0000000000000002e-01   8.8115787901028531e-01   1.1825860027527081e-01   4.8268531172428268e-04   9.8043504708811985e-05   2.7918980133497829e-06   3.5223475347067083e-04
  4.0999999999999998e-01   8.8117876147874152e-01   1.1822822478539295e-01   4.9212554277269522e-04   9.7996590852693312e-05   2.8916022426842712e-06   3.5221522897087114e-04
  4.1999999999999998e-01   8.8119914987142511e-01   1.1819834732000534e-01   5.0156043847604016e-04   9.7949762628066824e-05   2.9926074680311330e-06   3.5219571192201691e-04
  4.2999999999999999e-01   8.8121905261415523e-01   1.1816895941291165e-01   5.1099005008080432e-04   9.7903019471732319e-05   3.0949033832848130e-06   3.5217620317002773e-04
  4.4000000000000000e-01   8.8123847798945731e-01   1.1814005274189021e-01   5.2041442805685317e-04   9.7856360832623837e-05   3.1984797658836859e-06   3.5215671691156707e-04
  4.5000000000000001e-01   8.8125743413899982e-01   1.1811161912624553e-01   5.2983362211038443e-04   9.7809786171054362e-05   3.3033264761695350e-06   3.5213748343897037e-04
  4.6000000000000002e-01   8.8127592906599006e-01   1.1808365052440158e-01   5.3924768119662935e-04   9.7763294958390671e-05   3.4094334563734557e-06   3.5211796527467463e-04
  4.6999999999999997e-01   8.8129397063752857e-01   1.1805613903153589e-01   5.4865665353230999e-04   9.7716886676451335e-05   3.5167907299306703e-06   3.5209849561149647e-04
  4.7999999999999998e-01   8.8131156658692367e-01   1.1802907687725395e-01   5.5806058660785841e-04   9.7670560816750479e-05   3.6253884009963796e-06   3.5207903727804029e-04
  4.8999999999999999e-01   8.8132872451596678e-01   1.1800245642330318e-01   5.6745952719940813e-04   9.7624316880185637e-05   3.7352166535614634e-06   3.5205959082195071e-04
  5.0000000000000000e-01   8.8134545189716962e-01   1.1797627016132570e-01   5.7685352138055982e-04   9.7578154376577649e-05   3.8462657507574079e-06   3.5204015667054901e-04
  5.1000000000000001e-01   8.8136175607596168e-01   1.1795051071064933e-01   5.8624261453392966e-04   9.7532072824259359e-05   3.9585260341501490e-06   3.5202073521937711e-04
  5.2000000000000002e-01   8.8137764427285203e-01   1.1792517081611624e-01   5.9562685136248521e-04   9.7486071749692445e-05   4.0719879230413399e-06   3.5200132685001689e-04
  5.3000000000000003e-01   8.8139312358555366e-01   1.1790024334594844e-01   6.0500627590067432e-04   9.7440150687109724e-05   4.1866419137768755e-06   3.5198193188748587e-04
  5.4000000000000004e-01   8.8140820099107164e-01   1.1787572128964956e-01   6.1438093152535347e-04   9.7394309178181168e-05   4.3024785790625460e-06   3.5196255054311239e-04
  5.5000000000000004e-01   8.8142288334775598e-01   1.1785159775594238e-01   6.2375086096651744e-04   9.7348546771701500e-05   4.4194885672869226e-06   3.5194318325804607e-04
  5.6000000000000005e-01   8.8143717739731953e-01   1.1782786597074144e-01   6.3311610631783797e-04   9.7302863023297911e-05   4.5376626018511232e-06   3.5192383010471627e-04
  5.6999999999999995e-01   8.8145108976682129e-01   1.1780451927515997e-01   6.4247670904701436e-04   9.7257257495156173e-05   4.6569914805054263e-06   3.5190449125880403e-04
  5.7999999999999996e-01   8.8146462697061656e-01   1.1778155112355101e-01   6.5183271000594149e-04   9.7211729755586175e-05   4.7774660748698621e-06   3.5188553221749238e-04
  5.8999999999999997e-01   8.8147779541227333e-01   1.1775895508158149e-01   6.6118414944069603e-04   9.7166279379293216e-05   4.8990773292724842e-06   3.5186589872125012e-04
  5.9999999999999998e-01   8.8149060138645619e-01   1.1773672482433935e-01   6.7053106700134786e-04   9.7120905946894995e-05   5.0218162603639540e-06   3.5184648294068924e-04
  6.0999999999999999e-01   8.8150305108077875e-01   1.1771485413447266e-01   6.7987350175160121e-04   9.7075609044235050e-05   5.1456739569534962e-06   3.5182720484514690e-04
  6.2000000000000000e-01   8.8151515057762386e-01   1.1769333690036057e-01   6.8921149217826723e-04   9.7030388262675643e-05   5.2706415788844809e-06   3.5180794172858269e-04
  6.3000000000000000e-01   8.8152690585593330e-01   1.1767216711431515e-01   6.9854507620057153e-04   9.6985243198869484e-05   5.3967103564506158e-06   3.5178869388460701e-04
  6.4000000000000001e-01   8.8153832279296684e-01   1.1765133887081396e-01   7.0787429117929990e-04   9.6940173454521664e-05   5.5238715898385846e-06   3.5176946125068840e-04
  6.5000000000000002e-01   8.8154940716603136e-01   1.1763084636476262e-01   7.1719917392578671e-04   9.6895178636221551e-05   5.6521166485169102e-06   3.5175024365631562e-04
  6.6000000000000003e-01   8.8156016465418097e-01   1.1761068388978699e-01   7.2651976071074842e-04   9.6850258355283642e-05   5.7814369706314075e-06   3.5173104138264794e-04
  6.7000000000000004e-01   8.8157060083988759e-01   1.1759084583655428e-01   7.3583608727296513e-04   9.6805412227596993e-05   5.9118240624066649e-06   3.5171185445634416e-04
  6.8000000000000005e-01   8.8158072121068320e-01   1.1757132669112284e-01   7.4514818882781336e-04   9.6760639873483126e-05   6.0432694975533683e-06   3.5169268292896568e-04
  6.8999999999999995e-01   8.8159053116077524e-01   1.1755212103331990e-01   7.5445610007565396e-04   9.6715940917561338e-05   6.1757649166816214e-06   3.5167352666264898e-04
  6.9999999999999996e-01   8.8160003599263281e-01   1.1753322353514693e-01   7.6375985521007510e-04   9.6671314988620890e-05   6.3093020267203188e-06   3.5165438588077326e-04
  7.0999999999999996e-01   8.8160924091854720e-01   1.1751462895921219e-01   7.7305948792599668e-04   9.6626761719499846e-05   6.4438726003423224e-06   3.5163526055399937e-04
  7.1999999999999997e-01   8.8161815106216546e-01   1.1749633215718985e-01   7.8235503142763652e-04   9.6582280747096826e-05   6.5794684752689825e-06   3.5161588837441022e-04
  7.2999999999999998e-01   8.8162677145999768e-01   1.1747832806830535e-01   7.9164651843634075e-04   9.6537871711920299e-05   6.7160815540478088e-06   3.5159697616068129e-04
  7.3999999999999999e-01   8.8163510706289927e-01   1.1746061171784651e-01   8.0093398119828417e-04   9.6493534258166352e-05   6.8537038033124142e-06   3.5157788619132025e-04
  7.5000000000000000e-01   8.8164316273752685e-01   1.1744317821569995e-01   8.1021745149203745e-04   9.6449268033860607e-05   6.9923272529899978e-06   3.5155882665422779e-04
  7.6000000000000001e-01   8.8165094326777083e-01   1.1742602275491243e-01   8.1949696063600777e-04   9.6405072690463210e-05   7.1319439960558281e-06   3.5153978267114268e-04
  7.7000000000000002e-01   8.8165845335616277e-01   1.1740914061027667e-01   8.2877253949575533e-04   9.6360947882879927e-05   7.2725461878910196e-06   3.5152075424418579e-04
  7.8000000000000003e-01   8.8166569762525870e-01   1.1739252713694109e-01   8.3804421849118546e-04   9.6316893269369366e-05   7.4141260457537444e-06   3.5150174140171329e-04
  7.9000000000000004e-01   8.8167268061899939e-01   1.1737617776904340e-01   8.4731202760362058e-04   9.6272908511461499e-05   7.5566758482485835e-06   3.5148274429875660e-04
  8.0000000000000004e-01   8.8167940680404755e-01   1.1736008801836723e-01   8.5657599638275304e-04   9.6228993273879868e-05   7.7001879348010027e-06   3.5146376287066366e-04
  8.1000000000000005e-01   8.8168588057110153e-01   1.1734425347302176e-01   8.6583615395348259e-04   9.6185147224467224e-05   7.8446547051369669e-06   3.5144479715422871e-04
  8.1999999999999995e-01   8.8169210623618732e-01   1.1732866979614369e-01   8.7509252902263836e-04   9.6141370034114501e-05   7.9900686187678178e-06   3.5142584725045224e-04
  8.2999999999999996e-01   8.8169808804192851e-01   1.1731333272462136e-01   8.8434514988558921e-04   9.6097661376692736e-05   8.1364221944800834e-06   3.5140691314251241e-04
  8.3999999999999997e-01   8.8170383015879461e-01   1.1729823806784045e-01   8.9359404443274334e-04   9.6054020928988074e-05   8.2837080098303258e-06   3.5138799496979177e-04
  8.4999999999999998e-01   8.8170933668632812e-01   1.1728338170645128e-01   9.0283924015594006e-04   9.6010448370639333e-05   8.4319187006448972e-06   3.5136909270673923e-04
  8.5999999999999999e-01   8.8171461165435072e-01   1.1726875959115669e-01   9.1208076415473516e-04   9.5966943383923818e-05   8.5810469606785689e-06   3.5135052848855517e-04
  8.7000000000000000e-01   8.8171965902414851e-01   1.1725436774152091e-01   9.2131864314258104e-04   9.5923505654052236e-05   8.7310855407719788e-06   3.5133156867245730e-04
  8.8000000000000000e-01   8.8172448268963821e-01   1.1724020224479834e-01   9.3055290345290414e-04   9.5880134869035763e-05   8.8820272484446495e-06   3.5131269707309353e-04
  8.9000000000000001e-01   8.8172908647851234e-01   1.1722625925478256e-01   9.3978357104508125e-04   9.5836830719312873e-05   9.0338649477340193e-06   3.5129384747833211e-04
  9.0000000000000002e-01   8.8173347415336567e-01   1.1721253499067469e-01   9.4901067151031840e-04   9.5793592897933653e-05   9.1865915584835723e-06   3.5127501457154564e-04
  9.1000000000000003e-01   8.8173764941280230e-01   1.1719902573597114e-01   9.5823423007743082e-04   9.5750421100479081e-05   9.3402000559029912e-06   3.5125619843249872e-04
  9.2000000000000004e-01   8.8174161589252342e-01   1.1718572783737015e-01   9.6745427161852755e-04   9.5707315025011594e-05   9.4946834701034018e-06   3.5123739901861514e-04
  9.3000000000000005e-01   8.8174537716639811e-01   1.1717263770369700e-01   9.7667082065460179e-04   9.5664274372029841e-05   9.6500348856346735e-06   3.5121861656169985e-04
  9.3999999999999995e-01   8.8174893674751342e-01   1.1715975180484751e-01   9.8588390136102933e-04   9.5621298844425251e-05   9.8062474410270431e-06   3.5119985096425464e-04
  9.4999999999999996e-01   8.8175229808920919e-01   1.1714706667074948e-01   9.9509353757297556e-04   9.5578388147440186e-05   9.9633143283371024e-06   3.5118110229044044e-04
  9.5999999999999996e-01   8.8175546458609366e-01   1.1713457889034178e-01   1.0042997527907140e-03   9.5535541988627385e-05   1.0121228792698261e-05   3.5116237060546919e-04
  9.6999999999999997e-01   8.8175843957504230e-01   1.1712228511057078e-01   1.0135025701848563e-03   9.5492760077811115e-05   1.0279984131875418e-05   3.5114365594611930e-04
  9.7999999999999998e-01   8.8176122633617937e-01   1.1711018203540395e-01   1.0227020126014964e-03   9.5450042127049518e-05   1.0439573695823895e-05   3.5112495834040976e-04
  9.8999999999999999e-01   8.8176382809384357e-01   1.1709826642486013e-01   1.0318981025672694e-03   9.5407387850598199e-05   1.0599990886252556e-05   3.5110627783178981e-04
  1.0000000000000000e+00   8.8176624801753622e-01   1.1708653509405632e-01   1.0410908622943290e-03   9.5364796964870417e-05   1.0761229156195900e-05   3.5108762457261388e-04
  1.0100000000000000e+00   8.8176848922285400e-01   1.1707498491227070e-01   1.0502803136852412e-03   9.5322269188418443e-05   1.0923282009570129e-05   3.5106896642495065e-04
  1.0200000000000000e+00   8.8177055477240596e-01   1.1706361280202157e-01   1.0594664783377976e-03   9.5279804241879507e-05   1.1086143000769773e-05   3.5105035801589427e-04
  1.0300000000000000e+00   8.8177244767671425e-01   1.1705241573816191e-01   1.0686493775497507e-03   9.5237401847954743e-05   1.1249805734236388e-05   3.5103174468973253e-04
  1.0400000000000000e+00   8.8177417089509991e-01   1.1704139074698949e-01   1.0778290323234718e-03   9.5195061731393976e-05   1.1414263864026575e-05   3.5101314867798188e-04
  1.0500000000000000e+00   8.8177572733655363e-01   1.1703053490537189e-01   1.0870054633705301e-03   9.5152783618939756e-05   1.1579511093425413e-05   3.5099457000885965e-04
  1.0600000000000001e+00   8.8177711986059193e-01   1.1701984533988659e-01   1.0961786911162000e-03   9.5110567239309142e-05   1.1745541174527044e-05   3.5097600870743974e-04
  1.0700000000000001e+00   8.8177835127809823e-01   1.1700931922597557e-01   1.1053487357038916e-03   9.5068412323165674e-05   1.1912347907829716e-05   3.5095746477086713e-04
  1.0800000000000001e+00   8.8177942435214984e-01   1.1699895378711438e-01   1.1145156169995109e-03   9.5026318603092308e-05   1.2079925141834611e-05   3.5093893820082369e-04
  1.0900000000000001e+00   8.8178034179883158e-01   1.1698874629399517e-01   1.1236793545957471e-03   9.4984285813564911e-05   1.2248266772648470e-05   3.5092042903978336e-04
  1.1000000000000001e+00   8.8178110628803408e-01   1.1697869406372387e-01   1.1328399678162914e-03   9.4942313690926791e-05   1.2417366743589890e-05   3.5090193728822612e-04
  1.1100000000000001e+00   8.8178172044423986e-01   1.1696879445903077e-01   1.1419974757199856e-03   9.4900401973363805e-05   1.2587219044799285e-05   3.5088346294434374e-04
  1.1200000000000001e+00   8.8178218684729548e-01   1.1695904488749473e-01   1.1511518971049021e-03   9.4858550400880192e-05   1.2757817712852493e-05   3.5086500602341637e-04
  1.1299999999999999e+00   8.8178250803317038e-01   1.1694944280078044e-01   1.1603032505123603e-03   9.4816758715275090e-05   1.2929156830377951e-05   3.5084656651797254e-04
  1.1399999999999999e+00   8.8178268649470348e-01   1.1693998569388871e-01   1.1694515542308745e-03   9.4775026660117270e-05   1.3101230525679861e-05   3.5082814955606650e-04
  1.1499999999999999e+00   8.8178272468233632e-01   1.1693067110441946e-01   1.1785968263000391e-03   9.4733353980733454e-05   1.3274032972351917e-05   3.5080973288023946e-04
  1.1599999999999999e+00   8.8178262500483418e-01   1.1692149661184736e-01   1.1877390845143505e-03   9.4691740424178436e-05   1.3447558388913272e-05   3.5079133899182228e-04
  1.1699999999999999e+00   8.8178238982999479e-01   1.1691245983680970e-01   1.1968783464269656e-03   9.4650185739201604e-05   1.3621801038452035e-05   3.5077297174889496e-04
  1.1799999999999999e+00   8.8178202148534501e-01   1.1690355844040630e-01   1.2060146293533997e-03   9.4608689676241545e-05   1.3796755228244674e-05   3.5075462177396120e-04
  1.1899999999999999e+00   8.8178152225882578e-01   1.1689479012351152e-01   1.2151479503751655e-03   9.4567251987407832e-05   1.3972415309392116e-05   3.5073628906330312e-04
  1.2000000000000000e+00   8.8178089439946528e-01   1.1688615262609778e-01   1.2242783263433511e-03   9.4525872426457080e-05   1.4148775676465444e-05   3.5071797360570079e-04
  1.2100000000000000e+00   8.8178014011804062e-01   1.1687764372657070e-01   1.2334057738821408e-03   9.4484550748773910e-05   1.4325830767150422e-05   3.5069967540205611e-04
  1.2200000000000000e+00   8.8177926158772846e-01   1.1686926124111549e-01   1.2425303093922784e-03   9.4443286711352336e-05   1.4503575061895263e-05   3.5068139445161063e-04
  1.2300000000000000e+00   8.8177826094474432e-01   1.1686100302305451e-01   1.2516519490544753e-03   9.4402080072777668e-05   1.4682003083561614e-05   3.5066313072342988e-04
  1.2400000000000000e+00   8.8177714028897092e-01   1.1685286696221567e-01   1.2607707088327616e-03   9.4360930593208800e-05   1.4861109397078719e-05   3.5064488421241715e-04
  1.2500000000000000e+00   8.8177590168457687e-01   1.1684485098431167e-01   1.2698866044777845e-03   9.4319838034360862e-05   1.5040888609100753e-05   3.5062665490368422e-04
  1.2600000000000000e+00   8.8177454716062298e-01   1.1683695305032971e-01   1.2789996515300524e-03   9.4278802159488377e-05   1.5221335367667250e-05   3.5060844278049123e-04
  1.2700000000000000e+00   8.8177307871166000e-01   1.1682917115593161e-01   1.2881098653231267e-03   9.4237822733368696e-05   1.5402444361866614e-05   3.5059024782330172e-04
  1.2800000000000000e+00   8.8177149829831536e-01   1.1682150333086419e-01   1.2972172609867622e-03   9.4196899522291252e-05   1.5584210321497328e-05   3.5057205857789617e-04
  1.2900000000000000e+00   8.8176980784786985e-01   1.1681394763837957e-01   1.3063218534499956e-03   9.4156032294026554e-05   1.5766628016752623e-05   3.5055390711913960e-04
  1.3000000000000000e+00   8.8176800925482490e-01   1.1680650217466544e-01   1.3154236574441870e-03   9.4115220817822024e-05   1.5949692257881812e-05   3.5053575816293544e-04
  1.3100000000000001e+00   8.8176610438146030e-01   1.1679916506828492e-01   1.3245226875060081e-03   9.4074464864392945e-05   1.6133397894859686e-05   3.5051763076571663e-04
  1.3200000000000001e+00   8.8176409505838138e-01   1.1679193447962594e-01   1.3336189579803855e-03   9.4033764205893092e-05   1.6317739817079499e-05   3.5049952047355677e-04
  1.3300000000000001e+00   8.8176198308505827e-01   1.1678480860036014e-01   1.3427124830233952e-03   9.3993118615909215e-05   1.6502712953025270e-05   3.5048142726061175e-04
  1.3400000000000001e+00   8.8175977023035546e-01   1.1677778565291079e-01   1.3518032766051103e-03   9.3952527869444740e-05   1.6688312269958064e-05   3.5046335102472629e-04
  1.3500000000000001e+00   8.8175745823305218e-01   1.1677086388992984e-01   1.3608913525124033e-03   9.3911991742905764e-05   1.6874532773603078e-05   3.5044529191201958e-04
  1.3600000000000001e+00   8.8175504880235334e-01   1.1676404159378388e-01   1.3699767243517034e-03   9.3871510014087355e-05   1.7061369507839424e-05   3.5042724974869302e-04
  1.3700000000000001e+00   8.8175254361839406e-01   1.1675731707604882e-01   1.3790594055517089e-03   9.3831082462160286e-05   1.7248817554392652e-05   3.5040922450215557e-04
  1.3799999999999999e+00   8.8174994433273179e-01   1.1675068867701309e-01   1.3881394093660556e-03   9.3790708867657764e-05   1.7436872032530167e-05   3.5039121615496461e-04
  1.3899999999999999e+00   8.8174725256883457e-01   1.1674415476518946e-01   1.3972167488759438e-03   9.3750389012462517e-05   1.7625528098759257e-05   3.5037322467576981e-04
  1.3999999999999999e+00   8.8174446992255717e-01   1.1673771373683497e-01   1.4062914369927220e-03   9.3710122679794148e-05   1.7814780946527839e-05   3.5035525002442142e-04
  1.4099999999999999e+00   8.8174159796261153e-01   1.1673136401547918e-01   1.4153634864604288e-03   9.3669909654196722e-05   1.8004625805927836e-05   3.5033729214854227e-04
  1.4199999999999999e+00   8.8173863823102772e-01   1.1672510405146035e-01   1.4244329098582946e-03   9.3629749721524670e-05   1.8195057943403040e-05   3.5031935491767205e-04
  1.4299999999999999e+00   8.8173559224360842e-01   1.1671893232146953e-01   1.4334997196032043e-03   9.3589642668931379e-05   1.8386072661457156e-05   3.5030143710727845e-04
  1.4399999999999999e+00   8.8173246149037388e-01   1.1671284732810240e-01   1.4425639279521171e-03   9.3549588284861168e-05   1.8577665298361275e-05   3.5028353455772763e-04
  1.4500000000000000e+00   8.8172924743600167e-01   1.1670684759941879e-01   1.4516255470044524e-03   9.3509586359038691e-05   1.8769831227866556e-05   3.5026564373638700e-04
  1.4600000000000000e+00   8.8172595152025657e-01   1.1670093168850956e-01   1.4606845887044323e-03   9.3469636682453526e-05   1.8962565858924719e-05   3.5024776943815060e-04
  1.4700000000000000e+00   8.8172257515841479e-01   1.1669509817307099e-01   1.4697410648433914e-03   9.3429739047347181e-05   1.9155864635408442e-05   3.5022991163659436e-04
  1.4800000000000000e+00   8.8171911974168071e-01   1.1668934565498632e-01   1.4787949870620461e-03   9.3389893247204430e-05   1.9349723035830349e-05   3.5021207026933671e-04
  1.4900000000000000e+00   8.8171558663759519e-01   1.1668367275991441e-01   1.4878463668527295e-03   9.3350099076742435e-05   1.9544136573066659e-05   3.5019424528131627e-04
  1.5000000000000000e+00   8.8171197719043926e-01   1.1667807813688548e-01   1.4968952155615901e-03   9.3310356331900197e-05   1.9739100794083355e-05   3.5017643666435512e-04
  1.5100000000000000e+00   8.8170829272162865e-01   1.1667256045790358e-01   1.5059415443907554e-03   9.3270664809827909e-05   1.9934611279664669e-05   3.5015864431573124e-04
  1.5200000000000000e+00   8.8170453453010311e-01   1.1666711841755593e-01   1.5149853644004614e-03   9.3231024308876813e-05   2.0130663644143964e-05   3.5014086820348846e-04
  1.5300000000000000e+00   8.8170070389270883e-01   1.1666175073262892e-01   1.5240266865111469e-03   9.3191434628588866e-05   2.0327253535136994e-05   3.5012310829041172e-04
  1.5400000000000000e+00   8.8169680206457368e-01   1.1665645614173052e-01   1.5330655215055168e-03   9.3151895569686867e-05   2.0524376633277472e-05   3.5010536451837097e-04
  1.5500000000000000e+00   8.8169283027947687e-01   1.1665123340491920e-01   1.5421018800305698e-03   9.3112406934053985e-05   2.0722028651965433e-05   3.5008765951431470e-04
  1.5600000000000001e+00   8.8168878975021214e-01   1.1664608130333921e-01   1.5511357725995956e-03   9.3072968524738362e-05   2.0920205337093038e-05   3.5006996246914263e-04
  1.5700000000000001e+00   8.8168468166894398e-01   1.1664099863886195e-01   1.5601672095941403e-03   9.3033580145973445e-05   2.1118902466757290e-05   3.5005223193525095e-04
  1.5800000000000001e+00   8.8168050720755942e-01   1.1663598423373341e-01   1.5691962012659394e-03   9.2994241603114886e-05   2.1318115851058278e-05   3.5003455216668259e-04
  1.5900000000000001e+00   8.8167626751801198e-01   1.1663103693022786e-01   1.5782227577388216e-03   9.2954952702628259e-05   2.1517841331848916e-05   3.5001688825006690e-04
  1.6000000000000001e+00   8.8167196373266099e-01   1.1662615559030709e-01   1.5872468890105814e-03   9.2915713252119219e-05   2.1718074782444700e-05   3.4999924014604902e-04
  1.6100000000000001e+00   8.8166759696460495e-01   1.1662133909528570e-01   1.5962686049548224e-03   9.2876523060308157e-05   2.1918812107391191e-05   3.4998160778475045e-04
  1.6200000000000001e+00   8.8166316830800928e-01   1.1661658634550195e-01   1.6052879153227709e-03   9.2837381937021336e-05   2.2120049242217347e-05   3.4996399109617638e-04
  1.6299999999999999e+00   8.8165867883842752e-01   1.1661189625999423e-01   1.6143048297450615e-03   9.2798289693182083e-05   2.2321782153191026e-05   3.4994639005867445e-04
  1.6399999999999999e+00   8.8165412961311884e-01   1.1660726777618306e-01   1.6233193577334948e-03   9.2759246140802196e-05   2.2524006837076535e-05   3.4992880458325533e-04
  1.6499999999999999e+00   8.8164952167135802e-01   1.1660269984955858e-01   1.6323315086827653e-03   9.2720251092973297e-05   2.2726719320894274e-05   3.4991123461964040e-04
  1.6599999999999999e+00   8.8164485603474252e-01   1.1659819145337309e-01   1.6413412918721644e-03   9.2681304363858514e-05   2.2929915661682480e-05   3.4989368009504082e-04
  1.6699999999999999e+00   8.8164013370749206e-01   1.1659374157833916e-01   1.6503487164672547e-03   9.2642405768684059e-05   2.3133591946260967e-05   3.4987614095901719e-04
  1.6799999999999999e+00   8.8163535567674478e-01   1.1658934923233248e-01   1.6593537915215195e-03   9.2603555123737662e-05   2.3337744290990358e-05   3.4985860296097746e-04
  1.6899999999999999e+00   8.8163052291284727e-01   1.1658501344010030e-01   1.6683565259779844e-03   9.2564752246350067e-05   2.3542368841550207e-05   3.4984108828978991e-04
  1.7000000000000000e+00   8.8162563636964097e-01   1.1658073324297422e-01   1.6773569286708152e-03   9.2525996954883054e-05   2.3747461772712761e-05   3.4982359146382738e-04
  1.7100000000000000e+00   8.8162069698474177e-01   1.1657650769858831e-01   1.6863550083268892e-03   9.2487289068731351e-05   2.3953019288104838e-05   3.4980611345010384e-04
  1.7200000000000000e+00   8.8161570567981629e-01   1.1657233588060185e-01   1.6953507735673428e-03   9.2448628408313944e-05   2.4159037619982315e-05   3.4978865051209164e-04
  1.7300000000000000e+00   8.8161066336085392e-01   1.1656821687842682e-01   1.7043442329090944e-03   9.2410014795066950e-05   2.4365513029005255e-05   3.4977120258316191e-04
  1.7400000000000000e+00   8.8160557091843217e-01   1.1656414979695995e-01   1.7133353947663425e-03   9.2371448051434198e-05   2.4572441804017112e-05   3.4975376959009912e-04
  1.7500000000000000e+00   8.8160042922797988e-01   1.1656013375631945e-01   1.7223242674520428e-03   9.2332928000859747e-05   2.4779820261824150e-05   3.4973635151686684e-04
  1.7600000000000000e+00   8.8159523915003379e-01   1.1655616789158613e-01   1.7313108591793581e-03   9.2294454467780501e-05   2.4987644746976640e-05   3.4971894821472733e-04
  1.7700000000000000e+00   8.8159000153049283e-01   1.1655225135254894e-01   1.7402951780630899e-03   9.2256027277618768e-05   2.5195911631552001e-05   3.4970155966444278e-04
  1.7800000000000000e+00   8.8158471720086651e-01   1.1654838330345489e-01   1.7492772321210845e-03   9.2217646256775079e-05   2.5404617314939732e-05   3.4968418577647836e-04
  1.7900000000000000e+00   8.8157938697851934e-01   1.1654456292276313e-01   1.7582570292756180e-03   9.2179311232620933e-05   2.5613758223628167e-05   3.4966682650748414e-04
  1.8000000000000000e+00   8.8157401166691207e-01   1.1654078940290327e-01   1.7672345773547594e-03   9.2141022033491741e-05   2.5823330810993043e-05   3.4964948176364737e-04
  1.8100000000000001e+00   8.8156859205583737e-01   1.1653706195003780e-01   1.7762098840937144e-03   9.2102778488666225e-05   2.6033331557101388e-05   3.4963218106994815e-04
  1.8200000000000001e+00   8.8156312892165301e-01   1.1653337978382859e-01   1.7851829571361442e-03   9.2064580428390984e-05   2.6243756968472038e-05   3.4961485576664173e-04
  1.8300000000000001e+00   8.8155762302751017e-01   1.1652974213720728e-01   1.7941538040354677e-03   9.2026427683869971e-05   2.6454603577873355e-05   3.4959754347825035e-04
  1.8400000000000001e+00   8.8155207512357769e-01   1.1652614825614960e-01   1.8031224322561407e-03   9.1988320087220605e-05   2.6665867944155806e-05   3.4958025599358923e-04
  1.8500000000000001e+00   8.8154648594726281e-01   1.1652259739945359e-01   1.8120888491749167e-03   9.1950257471489305e-05   2.6877546652026959e-05   3.4956298269220824e-04
  1.8600000000000001e+00   8.8154085622342893e-01   1.1651908883852152e-01   1.8210530620820877e-03   9.1912239670650321e-05   2.7089636311844989e-05   3.4954572348645829e-04
  1.8700000000000001e+00   8.8153518666460773e-01   1.1651562185714555e-01   1.8300150781827050e-03   9.1874266519594326e-05   2.7302133559424249e-05   3.4952847832732642e-04
  1.8799999999999999e+00   8.8152947797121040e-01   1.1651219575129700e-01   1.8389749045977820e-03   9.1836337854121856e-05   2.7515035055837583e-05   3.4951124710167657e-04
  1.8899999999999999e+00   8.8152373083173230e-01   1.1650880982891933e-01   1.8479325483654781e-03   9.1798453510936952e-05   2.7728337487220312e-05   3.4949402978088446e-04
  1.8999999999999999e+00   8.8151794592295640e-01   1.1650546340972440e-01   1.8568880164422632e-03   9.1760613327640766e-05   2.7942037564575844e-05   3.4947682626381311e-04
  1.9099999999999999e+00   8.8151212391015266e-01   1.1650215582499247e-01   1.8658413157040662e-03   9.1722817142725311e-05   2.8156132023582919e-05   3.4945963649402262e-04
  1.9199999999999999e+00   8.8150626544727284e-01   1.1649888641737538e-01   1.8747924529474026e-03   9.1685064795567133e-05   2.8370617624404410e-05   3.4944246037093136e-04
  1.9299999999999999e+00   8.8150037117714397e-01   1.1649565454070321e-01   1.8837414348904890e-03   9.1647356126421266e-05   2.8585491151497773e-05   3.4942529784438685e-04
  1.9399999999999999e+00   8.8149444173165725e-01   1.1649245955979418e-01   1.8926882681743363e-03   9.1609690976427873e-05   2.8800749413414221e-05   3.4940812074670755e-04
  1.9500000000000000e+00   8.8148847773195393e-01   1.1648930085026775e-01   1.9016329593638270e-03   9.1572069187571250e-05   2.9016389242647294e-05   3.4939100554799924e-04
  1.9600000000000000e+00   8.8148247978860794e-01   1.1648617779836100e-01   1.9105755149487781e-03   9.1534490602689843e-05   2.9232407495431855e-05   3.4937388911164882e-04
  1.9700000000000000e+00   8.8147644850180584e-01   1.1648308980074801e-01   1.9195159413449849e-03   9.1496955065501246e-05   2.9448801051529748e-05   3.4935678024300106e-04
  1.9800000000000000e+00   8.8147038446152359e-01   1.1648003626436243e-01   1.9284542448952504e-03   9.1459462420564954e-05   2.9665566814079560e-05   3.4933968458622538e-04
  1.9900000000000000e+00   8.8146428824769996e-01   1.1647701660622294e-01   1.9373904318703971e-03   9.1422012513280512e-05   2.9882701709412127e-05   3.4932260206734270e-04
  2.0000000000000000e+00   8.8145816043040726e-01   1.1647403025326178e-01   1.9463245084702660e-03   9.1384605189884444e-05   3.0100202686869052e-05   3.4930553261096830e-04
  2.0099999999999998e+00   8.8145200157001913e-01   1.1647107664215618e-01   1.9552564808246972e-03   9.1347240297444572e-05   3.0318066718625298e-05   3.4928847615435749e-04
  2.0200000000000000e+00   8.8144581221737572e-01   1.1646815521916262e-01   1.9641863549944979e-03   9.1309917683854352e-05   3.0536290799513247e-05   3.4927143255698411e-04
  2.0299999999999998e+00   8.8143959291394536e-01   1.1646526543995388e-01   1.9731141369723920e-03   9.1272637197827288e-05   3.0754871946848224e-05   3.4925440180425687e-04
  2.0400000000000000e+00   8.8143334419198427e-01   1.1646240676945899e-01   1.9820398326839614e-03   9.1235398688891393e-05   3.0973807200255425e-05   3.4923738379858294e-04
  2.0499999999999998e+00   8.8142706657469327e-01   1.1645957868170574e-01   1.9909634479885669e-03   9.1198202007383738e-05   3.1193093621498281e-05   3.4922037846376935e-04
  2.0600000000000001e+00   8.8142076057637142e-01   1.1645678065966608e-01   1.9998849886802570e-03   9.1161047004444990e-05   3.1412728294308253e-05   3.4920338572205854e-04
  2.0699999999999998e+00   8.8141442670256787e-01   1.1645401219510382e-01   2.0088044604886636e-03   9.1123933532027344e-05   3.1632708324202696e-05   3.4918637631310635e-04
  2.0800000000000001e+00   8.8140806545023043e-01   1.1645127278842529e-01   2.0177218690798819e-03   9.1086861442848480e-05   3.1853030838358093e-05   3.4916943950694064e-04
  2.0899999999999999e+00   8.8140167730785157e-01   1.1644856194853227e-01   2.0266372200573425e-03   9.1049830590410674e-05   3.2073692985419458e-05   3.4915249251338439e-04
  2.1000000000000001e+00   8.8139526275561253e-01   1.1644587919267754e-01   2.0355505189626612e-03   9.1012840829030116e-05   3.2294691935301197e-05   3.4913554885518036e-04
  2.1099999999999999e+00   8.8138882226552484e-01   1.1644322404632292e-01   2.0444617712764837e-03   9.0975892013789902e-05   3.2516024879065549e-05   3.4911861739627146e-04
  2.1200000000000001e+00   8.8138235630156891e-01   1.1644059604299957e-01   2.0533709824193135e-03   9.0938984000541113e-05   3.2737689028754268e-05   3.4910169805192355e-04
  2.1299999999999999e+00   8.8137586531983092e-01   1.1643799472417082e-01   2.0622781577523284e-03   9.0902116645901805e-05   3.2959681617223812e-05   3.4908479074891984e-04
  2.1400000000000001e+00   8.8136934976863646e-01   1.1643541963909730e-01   2.0711833025781837e-03   9.0865289807251932e-05   3.3181999897985908e-05   3.4906789540257261e-04
  2.1499999999999999e+00   8.8136281008868356e-01   1.1643287034470426e-01   2.0800864221418051e-03   9.0828503342728410e-05   3.3404641145049406e-05   3.4905101193482993e-04
  2.1600000000000001e+00   8.8135624671317103e-01   1.1643034640545134e-01   2.0889875216311680e-03   9.0791757111220077e-05   3.3627602652763415e-05   3.4903414026289388e-04
  2.1699999999999999e+00   8.8134966006792703e-01   1.1642784739320435e-01   2.0978866061780645e-03   9.0755050972362854e-05   3.3850881735661748e-05   3.4901728030523965e-04
  2.1800000000000002e+00   8.8134305057153461e-01   1.1642537288710932e-01   2.1067836808588607e-03   9.0718384786534837e-05   3.4074475728308573e-05   3.4900043198336046e-04
  2.1899999999999999e+00   8.8133641863545364e-01   1.1642292247346878e-01   2.1156787506952414e-03   9.0681758414851437e-05   3.4298381985145354e-05   3.4898359521422538e-04
  2.2000000000000002e+00   8.8132976466414326e-01   1.1642049574561997e-01   2.1245718206549438e-03   9.0645171719159830e-05   3.4522597880339820e-05   3.4896677170602767e-04
  2.2100000000000000e+00   8.8132308905518042e-01   1.1641809230381525e-01   2.1334628956524784e-03   9.0608624562035889e-05   3.4747120807633623e-05   3.4894995753754159e-04
  2.2200000000000002e+00   8.8131639219937663e-01   1.1641571175510450e-01   2.1423519805498434e-03   9.0572116806780190e-05   3.4971948180192288e-05   3.4893315299344382e-04
  2.2300000000000000e+00   8.8130967448089348e-01   1.1641335371321949e-01   2.1512390801572225e-03   9.0535648317409916e-05   3.5197077430460456e-05   3.4891636167263455e-04
  2.2400000000000002e+00   8.8130293627735556e-01   1.1641101779846030e-01   2.1601241992336793e-03   9.0499218958655259e-05   3.5422506010013825e-05   3.4889958149379426e-04
  2.2500000000000000e+00   8.8129617795996151e-01   1.1640870363758359e-01   2.1690073424878316e-03   9.0462828595956539e-05   3.5648231389411607e-05   3.4888281237064125e-04
  2.2599999999999998e+00   8.8128939989359345e-01   1.1640641086369277e-01   2.1778885145785276e-03   9.0426477095458725e-05   3.5874251058052876e-05   3.4886605422273863e-04
  2.2700000000000000e+00   8.8128260243692458e-01   1.1640413911613018e-01   2.1867677201155011e-03   9.0390164324006964e-05   3.6100562524033027e-05   3.4884930696602609e-04
