  0.0000000000000000e+00   8.4673500000000002e-01   9.5000000000000001e-02   7.1000000000000004e-03   4.6500000000000003e-04   5.0700000000000002e-02   1.0003956732373213e-07
  1.0000000000000000e-02   8.4686127597963989e-01   9.4872824276656414e-02   7.1375241300376726e-03   4.6956921136937635e-04   5.0658806402296662e-02   4.4767830466330945e-08
  2.0000000000000000e-02   8.4698403042599202e-01   9.4749172068309823e-02   7.1748992519999289e-03   4.7416639736690846e-04   5.0617731856331290e-02   4.4803258120535651e-08
  2.9999999999999999e-02   8.4710336081883775e-01   9.4628945659943606e-02   7.2121258107267936e-03   4.7879177236006144e-04   5.0576775938131889e-02   4.4838965436341334e-08
  4.0000000000000001e-02   8.4721936193342584e-01   9.4512050045684692e-02   7.2492042440584804e-03   4.8344555189632860e-04   5.0535938224934768e-02   4.4874954590126784e-08
  5.0000000000000003e-02   8.4733212591545148e-01   9.4398392853686661e-02   7.2861349829766503e-03   4.8812795258730448e-04   5.0495218295298037e-02   4.4911227781713301e-08
  5.9999999999999998e-02   8.4744174235395497e-01   9.4287884273095562e-02   7.3229184517423105e-03   4.9283919212060134e-04   5.0454615729086723e-02   4.4947787234567188e-08
  7.0000000000000007e-02   8.4754829835219991e-01   9.4180436983040655e-02   7.3595550680298988e-03   4.9757948927162414e-04   5.0414130107458204e-02   4.4984635196007806e-08
  8.0000000000000002e-02   8.4765187859658553e-01   9.4075966083594156e-02   7.3960452430576664e-03   5.0234906391520909e-04   5.0373761012847858e-02   4.5021773937422389e-08
  8.9999999999999997e-02   8.4775256542364885e-01   9.3974389028644967e-02   7.4323893817144502e-03   5.0714813703713339e-04   5.0333508028955067e-02   4.5059205754485581e-08
  1.0000000000000001e-01   8.4785043888520872e-01   9.3875625560633891e-02   7.4685878826829376e-03   5.1197693074549818e-04   5.0293370740729433e-02   4.5096932967385518e-08
  1.1000000000000000e-01   8.4794557681170379e-01   9.3779597647098145e-02   7.5046411385595166e-03   5.1683566828199278e-04   5.0253348734357231e-02   4.5134957921055623e-08
  1.2000000000000000e-01   8.4803805487377326e-01   9.3686229418975434e-02   7.5405495359708048e-03   5.2172457403304386e-04   5.0213441597248186e-02   4.5173282985411841e-08
  1.3000000000000000e-01   8.4812794664213198e-01   9.3595447110618554e-02   7.5763134556869564e-03   5.2664387354085470e-04   5.0173648918022402e-02   4.5211910555595882e-08
  1.4000000000000001e-01   8.4821532364578378e-01   9.3507179001473276e-02   7.6119332727318184e-03   5.3159379351433791e-04   5.0133970286497569e-02   4.5250843052224345e-08
  1.4999999999999999e-01   8.4830025542862109e-01   9.3421355359373168e-02   7.6474093564900389e-03   5.3657456183994713e-04   5.0094405293676425e-02   4.5290082921643246e-08
  1.6000000000000000e-01   8.4838280960445578e-01   9.3337908385406773e-02   7.6827420708111983e-03   5.4158640759241104e-04   5.0054953531734385e-02   4.5329632636188525e-08
  1.7000000000000001e-01   8.4846305191052329e-01   9.3256772160313375e-02   7.7179317741110573e-03   5.4662956104537441e-04   5.0015614594007454e-02   4.5369494694452012e-08
  1.7999999999999999e-01   8.4854104625950344e-01   9.3177882592365022e-02   7.7529788194699830e-03   5.5170425368194804e-04   4.9976388074980262e-02   4.5409671621554039e-08
  1.9000000000000000e-01   8.4861685479009885e-01   9.3101177366693599e-02   7.7878835547286560e-03   5.5681071820517245e-04   4.9937273570274388e-02   4.5450165969420516e-08
  2.0000000000000001e-01   8.4869053791621141e-01   9.3026595896022884e-02   7.8226463225811033e-03   5.6194918854839951e-04   4.9898270676636852e-02   4.5490980317067197e-08
  2.0999999999999999e-01   8.4876215437475444e-01   9.2954079272766693e-02   7.8572674606651582e-03   5.6711989988559263e-04   4.9859378991928771e-02   4.5532117270888470e-08
  2.2000000000000000e-01   8.4883176127213944e-01   9.2883570222455109e-02   7.8917473016503915e-03   5.7232308864155082e-04   4.9820598115114259e-02   4.5573579464953342e-08
  2.3000000000000001e-01   8.4889941412947367e-01   9.2815013058451967e-02   7.9260861733236113e-03   5.7755899250205888e-04   4.9781927646249481e-02   4.5615369561305947e-08
  2.3999999999999999e-01   8.4896516692650503e-01   9.2748353637928077e-02   7.9602843986719737e-03   5.8282785042396460e-04   4.9743367186471876e-02   4.5657490250273646e-08
  2.5000000000000000e-01   8.4902907214434753e-01   9.2683539319055014e-02   7.9943422959637828e-03   5.8812990264518999e-04   4.9704916337989569e-02   4.5699944250779113e-08
  2.6000000000000001e-01   8.4909118080702284e-01   9.2620518919385664e-02   8.0282601788270527e-03   5.9346539069467350e-04   4.9666574704070945e-02   4.5742734310660572e-08
  2.7000000000000002e-01   8.4915154252184966e-01   9.2559242675389078e-02   8.0620383563258582e-03   5.9883455740225003e-04   4.9628341889034422e-02   4.5785863206996472e-08
  2.8000000000000003e-01   8.4921020551871307e-01   9.2499662203106903e-02   8.0956771330345789e-03   6.0423764690846927e-04   4.9590217498238325e-02   4.5829333746436836e-08
  2.8999999999999998e-01   8.4926721668824523e-01   9.2441730459900853e-02   8.1291768091100742e-03   6.0967490467435273e-04   4.9552201138070948e-02   4.5873148765541519e-08
  2.9999999999999999e-01   8.4932262161894689e-01   9.2385401707260895e-02   8.1625376803618355e-03   6.1514657749109586e-04   4.9514292415940783e-02   4.5917311131123417e-08
  3.1000000000000000e-01   8.4937646463328043e-01   9.2330631474644362e-02   8.1957600383201906e-03   6.2065291348971266e-04   4.9476490940266869e-02   4.5961823740598868e-08
  3.2000000000000001e-01   8.4942878882276118e-01   9.2277376524317903e-02   8.2288441703026079e-03   6.2619416215062751e-04   4.9438796320469276e-02   4.6006689522344605e-08
  3.3000000000000002e-01   8.4947963608207622e-01   9.2225594817174197e-02   8.2617903594781449e-03   6.3177057431321399e-04   4.9401208166959788e-02   4.6051911436060386e-08
  3.4000000000000002e-01   8.4952904714225719e-01   9.2175245479496390e-02   8.2945988849301069e-03   6.3738240218528511e-04   4.9363726091132640e-02   4.6097492473138394e-08
  3.4999999999999998e-01   8.4957706160293267e-01   9.2126288770644077e-02   8.3272700217169576e-03   6.4302989935253248e-04   4.9326349705355460e-02   4.6143435657040183e-08
  3.5999999999999999e-01   8.4962371796368674e-01   9.2078686051635217e-02   8.3598040409315223e-03   6.4871332078792019e-04   4.9289078622960295e-02   4.6189744043678726e-08
  3.7000000000000000e-01   8.4966905365454826e-01   9.2032399754599190e-02   8.3922012097585597e-03   6.5443292286103069e-04   4.9251912458234764e-02   4.6236420721808648e-08
  3.8000000000000000e-01   8.4971310506563358e-01   9.1987393353076846e-02   8.4244617915306911e-03   6.6018896334736794e-04   4.9214850826413387e-02   4.6283468813422371e-08
  3.9000000000000001e-01   8.4975590757596864e-01   9.1943631333143899e-02   8.4565860457828084e-03   6.6598170143761606e-04   4.9177893343668934e-02   4.6330891474153991e-08
  4.0000000000000002e-01   8.4979749558151108e-01   9.1901079165335117e-02   8.4885742283049449e-03   6.7181139774685544e-04   4.9141039627103984e-02   4.6378691893689202e-08
  4.0999999999999998e-01   8.4983790252239522e-01   9.1859703277346896e-02   8.5204265911936698e-03   6.7767831432373861e-04   4.9104289294742559e-02   4.6426873296183637e-08
  4.1999999999999998e-01   8.4987716090942200e-01   9.1819471027496630e-02   8.5521433829020520e-03   6.8358271465962528e-04   4.9067641965521852e-02   4.6475438940687221e-08
  4.2999999999999999e-01   8.4991530234981416e-01   9.1780350678918043e-02   8.5837248482882322e-03   6.8952486369767811e-04   4.9031097259284076e-02   4.6524392121576630e-08
  4.4000000000000000e-01   8.4995235757225718e-01   9.1742311374472002e-02   8.6151712286626440e-03   6.9550502784192073e-04   4.8994654796768428e-02   4.6573736168995341e-08
  4.5000000000000001e-01   8.4998835645124593e-01   9.1705323112352896e-02   8.6464827618339003e-03   7.0152347496625774e-04   4.8958314199603149e-02   4.6623474449300241e-08
  4.6000000000000002e-01   8.5002332803075620e-01   9.1669356722371406e-02   8.6776596821534231e-03   7.0758047442345817e-04   4.8922075090297654e-02   4.6673610365517242e-08
  4.6999999999999997e-01   8.5005730054725970e-01   9.1634383842894865e-02   8.7087022205588130e-03   7.1367629705410376e-04   4.8885937092234794e-02   4.6724147357803703e-08
  4.7999999999999998e-01   8.5009030145210063e-01   9.1600376898426955e-02   8.7396106046160257e-03   7.1981121519549987e-04   4.8849899829663215e-02   4.6775088903918881e-08
  4.8999999999999999e-01   8.5012235743325260e-01   9.1567309077809064e-02   8.7703850585603479e-03   7.2598550269055407e-04   4.8813962927689768e-02   4.6826438519703642e-08
  5.0000000000000000e-01   8.5015349443647148e-01   9.1535154313026057e-02   8.8010258033362557e-03   7.3219943489661883e-04   4.8778126012272001e-02   4.6878199759566365e-08
  5.1000000000000001e-01   8.5018373768586153e-01   9.1503887258599662e-02   8.8315330566361618e-03   7.3845328869430200e-04   4.8742388710210846e-02   4.6930376216978340e-08
  5.2000000000000002e-01   8.5021311170387182e-01   9.1473483271553205e-02   8.8619070329380711e-03   7.4474734249624244e-04   4.8706750649143225e-02   4.6982971524978148e-08
  5.3000000000000003e-01   8.5024164033073790e-01   9.1443918391931792e-02   8.8921479435421918e-03   7.5108187625585435e-04   4.8671211457534898e-02   4.7035989356683058e-08
  5.4000000000000004e-01   8.5026934674338406e-01   9.1415169323862761e-02   8.9222559966065495e-03   7.5745717147603867e-04   4.8635770764673243e-02   4.7089433425810624e-08
  5.5000000000000004e-01   8.5029625347380200e-01   9.1387213417141067e-02   8.9522313971815842e-03   7.6387351121786208e-04   4.8600428200660212e-02   4.7143307487208007e-08
  5.6000000000000005e-01   8.5032238242691893e-01   9.1360028649325381e-02   8.9820743472438062e-03   7.7033118010920475e-04   4.8565183396405365e-02   4.7197615337391636e-08
  5.6999999999999995e-01   8.5034775489797143e-01   9.1333593608330460e-02   9.0117850457285126e-03   7.7683046435337612e-04   4.8530035983618915e-02   4.7252360815094472e-08
  5.7999999999999996e-01   8.5037239158939615e-01   9.1307887475502364e-02   9.0413636885615933e-03   7.8337165173769977e-04   4.8494985594804869e-02   4.7307547801824007e-08
  5.8999999999999997e-01   8.5039631262725324e-01   9.1282890009162718e-02   9.0708104686904687e-03   7.8995503164206642e-04   4.8460031863254267e-02   4.7363180222428605e-08
  5.9999999999999998e-01   8.5041953757719335e-01   9.1258581528609412e-02   9.1001255761141656e-03   7.9658089504745626e-04   4.8425174423038453e-02   4.7419262045674842e-08
  6.0999999999999999e-01   8.5044208545998279e-01   9.1234942898560725e-02   9.1293091979125583e-03   8.0324953454443077e-04   4.8390412909002457e-02   4.7475797284833264e-08
  6.2000000000000000e-01   8.5046397476659719e-01   9.1211955514030954e-02   9.1583615182748105e-03   8.0996124434159209e-04   4.8355746956758365e-02   4.7532789998275003e-08
  6.3000000000000000e-01   8.5048522347289790e-01   9.1189601285625213e-02   9.1872827185270345e-03   8.1671632027401325e-04   4.8321176202678832e-02   4.7590244290078784e-08
  6.4000000000000001e-01   8.5050584905389959e-01   9.1167862625242069e-02   9.2160729771591926e-03   8.2351505981163582e-04   4.8286700283890621e-02   4.7648164310647444e-08
  6.5000000000000002e-01   8.5052586849764367e-01   9.1146722432172478e-02   9.2447324698512433e-03   8.3035776206763804e-04   4.8252318838268166e-02   4.7706554257335837e-08
  6.6000000000000003e-01   8.5054529831868619e-01   9.1126164079584307e-02   9.2732613694986032e-03   8.3724472780677005e-04   4.8218031504427293e-02   4.7765418375089111e-08
  6.7000000000000004e-01   8.5056415457121237e-01   9.1106171401381414e-02   9.3016598462368778e-03   8.4417625945365960e-04   4.8183837921718875e-02   4.7824760957091878e-08
  6.8000000000000005e-01   8.5058245286178635e-01   9.1086728679427187e-02   9.3299280674659507e-03   8.5115266110108478e-04   4.8149737730222637e-02   4.7884586345429011e-08
  6.8999999999999995e-01   8.5060020836174843e-01   9.1067820631122301e-02   9.3580661978733912e-03   8.5817423851821653e-04   4.8115730570740964e-02   4.7944898931757203e-08
  6.9999999999999996e-01   8.5061743581926752e-01   9.1049432397326879e-02   9.3860743994572428e-03   8.6524129915882769e-04   4.8081816084792790e-02   4.8005703157988765e-08
  7.0999999999999996e-01   8.5063414957106054e-01   9.1031549530617525e-02   9.4139528315481859e-03   8.7235415216947200e-04   4.8047993914607505e-02   4.8067003516986414e-08
  7.1999999999999997e-01   8.5065036355378565e-01   9.1014157983869942e-02   9.4417016508311150e-03   8.7951310839762839e-04   4.8014263703118946e-02   4.8128804553271132e-08
  7.2999999999999998e-01   8.5066609131511972e-01   9.0997244099158173e-02   9.4693210113661191e-03   8.8671848039981475e-04   4.7980625093959423e-02   4.8191110863740963e-08
  7.3999999999999999e-01   8.5068134602452938e-01   9.0980794596961498e-02   9.4968110646089093e-03   8.9397058244966685e-04   4.7947077731453805e-02   4.8253927098403976e-08
  7.5000000000000000e-01   8.5069614048374220e-01   9.0964796565670719e-02   9.5241719594307047e-03   9.0126973054598439e-04   4.7913621260613611e-02   4.8317257961122119e-08
  7.6000000000000001e-01   8.5071048713692854e-01   9.0949237451385279e-02   9.5514038421375767e-03   9.0861624242074461e-04   4.7880255327131173e-02   4.8381108210369536e-08
  7.7000000000000002e-01   8.5072439808059974e-01   9.0934105047993360e-02   9.5785068564892932e-03   9.1601043754707917e-04   4.7846979577373897e-02   4.8445482660003463e-08
  7.8000000000000003e-01   8.5073788507323322e-01   9.0919387487526912e-02   9.6054811437176531e-03   9.2345263714721829e-04   4.7813793658378449e-02   4.8510386180048671e-08
  7.9000000000000004e-01   8.5075095954462954e-01   9.0905073230784256e-02   9.6323268425443486e-03   9.3094316420039877e-04   4.7780697217845100e-02   4.8575823697495730e-08
  8.0000000000000004e-01   8.5076363260501009e-01   9.0891151058212480e-02   9.6590440891983608e-03   9.3848234345073674e-04   4.7747689904132029e-02   4.8641800197112967e-08
  8.1000000000000005e-01   8.5077591505386319e-01   9.0877610061042835e-02   9.6856330174328927e-03   9.4607050141506379e-04   4.7714771366249728e-02   4.8708320722273396e-08
  8.1999999999999995e-01   8.5078781738854403e-01   9.0864439632671767e-02   9.7120937585418784e-03   9.5370796639072681e-04   4.7681941253855380e-02   4.8775390375795720e-08
  8.2999999999999996e-01   8.5079934981263616e-01   9.0851629460280914e-02   9.7384264413760517e-03   9.6139506846334988e-04   4.7649199217247355e-02   4.8843014320800422e-08
  8.3999999999999997e-01   8.5081052224408138e-01   9.0839169516689619e-02   9.7646311923586249e-03   9.6913213951455859e-04   4.7616544907359663e-02   4.8911197781580813e-08
  8.4999999999999998e-01   8.5082134432308409e-01   9.0827050052433092e-02   9.7907081355005435e-03   9.7691951322966594e-04   4.7583977975756524e-02   4.8979946044489686e-08
  8.5999999999999999e-01   8.5083182541979607e-01   9.0815261588060442e-02   9.8166573924153774e-03   9.8475752510531790e-04   4.7551498074626858e-02   4.9049264458842058e-08
  8.7000000000000000e-01   8.5084197464178823e-01   9.0803794906646029e-02   9.8424790823338302e-03   9.9264651245710065e-04   4.7519104856778988e-02   4.9119158437833390e-08
  8.8000000000000000e-01   8.5085180084131540e-01   9.0792641046508679e-02   9.8681733221178940e-03   1.0005868144271064e-03   4.7486797975635174e-02   4.9189633459474741e-08
  8.9000000000000001e-01   8.5086131262237930e-01   9.0781791294132524e-02   9.8937402262746464e-03   1.0085787719914564e-03   4.7454577085226331e-02   4.9260695067544630e-08
  9.0000000000000002e-01   8.5087051834759575e-01   9.0771237177284317e-02   9.9191799069697217e-03   1.0166227279677850e-03   4.7422441840186735e-02   4.9332348872557782e-08
  9.1000000000000003e-01   8.5087942614487111e-01   9.0760970458321474e-02   9.9444924740404467e-03   1.0247190270226776e-03   4.7390391895748722e-02   4.9404600552751589e-08
  9.2000000000000004e-01   8.5088804391389361e-01   9.0750983127685633e-02   9.9696780350086722e-03   1.0328680156790667e-03   4.7358426907737484e-02   4.9477455855090437e-08
  9.3000000000000005e-01   8.5089637933244522e-01   9.0741267397576722e-02   9.9947366950932891e-03   1.0410700423235833e-03   4.7326546532565829e-02   4.9550920596287457e-08
  9.3999999999999995e-01   8.5090443986253705e-01   9.0731815695802256e-02   1.0019668557222463e-02   1.0493254572138623e-03   4.7294750427229020e-02   4.9625000663846425e-08
  9.4999999999999996e-01   8.5091223275637640e-01   9.0722620659797318e-02   1.0044473722045576e-02   1.0576346124858021e-03   4.7263038249299630e-02   4.9699702017120924e-08
  9.5999999999999996e-01   8.5091976506216649e-01   9.0713675130810231e-02   1.0069152287944909e-02   1.0659978621607761e-03   4.7231409656922449e-02   4.9775030688394195e-08
  9.6999999999999997e-01   8.5092704362974614e-01   9.0704972148249477e-02   1.0093704351047044e-02   1.0744155621527989e-03   4.7199864308809354e-02   4.9850992783977629e-08
  9.7999999999999998e-01   8.5093407511607366e-01   9.0696504944187337e-02   1.0118130005234023e-02   1.0828880702756401e-03   4.7168401864234266e-02   4.9927594485330376e-08
  9.8999999999999999e-01   8.5094086599055674e-01   9.0688266938015974e-02   1.0142429342154263e-02   1.0914157462498897e-03   4.7137021983028098e-02   5.0004842050199063e-08
  1.0000000000000000e+00   8.5094742254023648e-01   9.0680251731251563e-02   1.0166602451233230e-02   1.0999989517099741e-03   4.7105724325573792e-02   5.0082741813778883e-08
  1.0100000000000000e+00   8.5095375087482605e-01   9.0672453102482620e-02   1.0190649419683888e-02   1.1086380502111173e-03   4.7074508552801299e-02   5.0161300189895441e-08
  1.0200000000000000e+00   8.5095985693161103e-01   9.0664865002458239e-02   1.0214570332516945e-02   1.1173334072362511e-03   4.7043374326182635e-02   5.0240523672209976e-08
  1.0300000000000000e+00   8.5096574648021184e-01   9.0657481549312621e-02   1.0238365272550861e-02   1.1260853902028711e-03   4.7012321307726965e-02   5.0320418835444912e-08
  1.0400000000000000e+00   8.5097142512721613e-01   9.0650297023921952e-02   1.0262034320421685e-02   1.1348943684698371e-03   4.6981349159975670e-02   5.0400992336634756e-08
  1.0500000000000000e+00   8.5097689832068102e-01   9.0643305865390031e-02   1.0285577554592676e-02   1.1437607133441181e-03   4.6950457545997491e-02   5.0482250916398284e-08
  1.0600000000000001e+00   8.5098217135451126e-01   9.0636502666659069e-02   1.0308995051363753e-02   1.1526847980874797e-03   4.6919646129383694e-02   5.0564201400235935e-08
  1.0700000000000001e+00   8.5098724937271597e-01   9.0629882170242107e-02   1.0332286884880767e-02   1.1616669979231137e-03   4.6888914574243191e-02   5.0646850699851115e-08
  1.0800000000000001e+00   8.5099213737354684e-01   9.0623439264073860e-02   1.0355453127144596e-02   1.1707076900422065e-03   4.6858262545197753e-02   5.0730205814496500e-08
  1.0900000000000001e+00   8.5099684021352107e-01   9.0617168977476514e-02   1.0378493848020080e-02   1.1798072536104496e-03   4.6827689707377225e-02   5.0814273832345970e-08
  1.1000000000000001e+00   8.5100136261133386e-01   9.0611066477237379e-02   1.0401409115244809e-02   1.1889660697744864e-03   4.6797195726414775e-02   5.0899061931892686e-08
  1.1100000000000001e+00   8.5100570915166185e-01   9.0605127063795324e-02   1.0424198994437747e-02   1.1981845216682957e-03   4.6766780268442151e-02   5.0984577383373415e-08
  1.1200000000000001e+00   8.5100988428886026e-01   9.0599346167532915e-02   1.0446863549107743e-02   1.2074629944195130e-03   4.6736443000084942e-02   5.1070827550220455e-08
  1.1299999999999999e+00   8.5101389235055869e-01   9.0593719345171353e-02   1.0469402840661869e-02   1.2168018751556834e-03   4.6706183588457920e-02   5.1157819890541383e-08
  1.1399999999999999e+00   8.5101773754115562e-01   9.0588242276265385e-02   1.0491816928413666e-02   1.2262015530104507e-03   4.6676001701160333e-02   5.1245561958627000e-08
  1.1499999999999999e+00   8.5102142394521818e-01   9.0582910759795299e-02   1.0514105869591247e-02   1.2356624191296763e-03   4.6645897006271253e-02   5.1334061406488621e-08
  1.1599999999999999e+00   8.5102495553078439e-01   9.0577720710853585e-02   1.0536269719345299e-02   1.2451848666774896e-03   4.6615869172344976e-02   5.1423325985424867e-08
  1.1699999999999999e+00   8.5102833615257689e-01   9.0572668157423236e-02   1.0558308530756962e-02   1.2547692908422678e-03   4.6585917868406393e-02   5.1513363547619188e-08
  1.1799999999999999e+00   8.5103156955512549e-01   9.0567749237245532e-02   1.0580222354845622e-02   1.2644160888425429e-03   4.6556042763946384e-02   5.1604182047768293e-08
  1.1899999999999999e+00   8.5103465937580436e-01   9.0562960194774611e-02   1.0602011240576591e-02   1.2741256599328359e-03   4.6526243528917287e-02   5.1695789544742338e-08
  1.2000000000000000e+00   8.5103760914778293e-01   9.0558297378216412e-02   1.0623675234868712e-02   1.2838984054094167e-03   4.6496519833728281e-02   5.1788194203277679e-08
  1.2100000000000000e+00   8.5104042230289711e-01   9.0553757236649823e-02   1.0645214382601867e-02   1.2937347286159856e-03   4.6466871349240935e-02   5.1881404295702772e-08
  1.2200000000000000e+00   8.5104310217443990e-01   9.0549336317227516e-02   1.0666628726624413e-02   1.3036350349492811e-03   4.6437297746764652e-02   5.1975428203698630e-08
  1.2300000000000000e+00   8.5104565199987392e-01   9.0545031262454514e-02   1.0687918307760542e-02   1.3135997318646042e-03   4.6407798698052193e-02   5.2070274420093326e-08
  1.2400000000000000e+00   8.5104807492346979e-01   9.0540838807542087e-02   1.0709083164817572e-02   1.3236292288812642e-03   4.6378373875295191e-02   5.2165951550692554e-08
  1.2500000000000000e+00   8.5105037399887007e-01   9.0536755777835057e-02   1.0730123334593174e-02   1.3337239375879435e-03   4.6349022951119721e-02   5.2262468316146629e-08
  1.2600000000000000e+00   8.5105255219158316e-01   9.0532779086310494e-02   1.0751038851882548e-02   1.3438842716479761e-03   4.6319745598581867e-02   5.2359833553854664e-08
  1.2700000000000000e+00   8.5105461238140712e-01   9.0528905731145637e-02   1.0771829749485540e-02   1.3541106468045443e-03   4.6290541491163274e-02   5.2458056219906598e-08
  1.2800000000000000e+00   8.5105655736478669e-01   9.0525132793353280e-02   1.0792496058213707e-02   1.3644034808857858e-03   4.6261410302766794e-02   5.2557145391065141e-08
  1.2900000000000000e+00   8.5105838985710425e-01   9.0521457434482769e-02   1.0813037806897349e-02   1.3747631938098135e-03   4.6232351707712088e-02   5.2657110266786257e-08
  1.3000000000000000e+00   8.5106011249490821e-01   9.0517876894384675e-02   1.0833455022392505e-02   1.3851902075896459e-03   4.6203365380731290e-02   5.2757960171282134e-08
  1.3100000000000001e+00   8.5106172783807821e-01   9.0514388489037437e-02   1.0853747729587899e-02   1.3956849463380471e-03   4.6174450996964621e-02   5.2859704555624824e-08
  1.3200000000000001e+00   8.5106323837193176e-01   9.0510989608434275e-02   1.0873915951411883e-02   1.4062478362722706e-03   4.6145608231956119e-02   5.2962352999893093e-08
  1.3300000000000001e+00   8.5106464650927038e-01   9.0507677714528681e-02   1.0893959708839326e-02   1.4168793057187110e-03   4.6116836761649349e-02   5.3065915215363384e-08
  1.3400000000000001e+00   8.5106595459237067e-01   9.0504450339236875e-02   1.0913879020898512e-02   1.4275797851174595e-03   4.6088136262383034e-02   5.3170401046745238e-08
  1.3500000000000001e+00   8.5106716489491940e-01   9.0501305082495612e-02   1.0933673904678008e-02   1.4383497070267590e-03   4.6059506410886873e-02   5.3275820474462821e-08
  1.3600000000000001e+00   8.5106827962389475e-01   9.0498239610373829e-02   1.0953344375333520e-02   1.4491895061273614e-03   4.6030946884277286e-02   5.3382183616984010e-08
  1.3700000000000001e+00   8.5106930092139543e-01   9.0495251653236658e-02   1.0972890446094756e-02   1.4600996192267823e-03   4.6002457360053130e-02   5.3489500733196918e-08
  1.3799999999999999e+00   8.5107023086641909e-01   9.0492339003960406e-02   1.0992312128272270e-02   1.4710804852634545e-03   4.5974037516091561e-02   5.3597782224836245e-08
  1.3899999999999999e+00   8.5107107147659122e-01   9.0489499516196850e-02   1.1011609431264327e-02   1.4821325453107728e-03   4.5945687030643771e-02   5.3707038638960281e-08
  1.3999999999999999e+00   8.5107182470984566e-01   9.0486731102685736e-02   1.1030782362563749e-02   1.4932562425810352e-03   4.5917405582330865e-02   5.3817280670479274e-08
  1.4099999999999999e+00   8.5107249246605909e-01   9.0484031733614176e-02   1.1049830927764804e-02   1.5044520224292747e-03   4.5889192850139704e-02   5.3928519164737474e-08
  1.4199999999999999e+00   8.5107307658864007e-01   9.0481399435021259e-02   1.1068755130570080e-02   1.5157203323569789e-03   4.5861048513418726e-02   5.4040765120148985e-08
  1.4299999999999999e+00   8.5107357886607293e-01   9.0478832287247221e-02   1.1087554972797396e-02   1.5270616220157008e-03   4.5832972251873876e-02   5.4154029690889791e-08
  1.4399999999999999e+00   8.5107400103342024e-01   9.0476328423425262e-02   1.1106230454386730e-02   1.5384763432105507e-03   4.5804963745564455e-02   5.4268324189646168e-08
  1.4500000000000000e+00   8.5107434477378197e-01   9.0473886028015441e-02   1.1124781573407166e-02   1.5499649499035770e-03   4.5777022674899095e-02   5.4383660090422782e-08
  1.4600000000000000e+00   8.5107461171971566e-01   9.0471503335379053e-02   1.1143208326063881e-02   1.5615278982170251e-03   4.5749148720631641e-02   5.4500049031409104e-08
  1.4700000000000000e+00   8.5107480345461595e-01   9.0469178628392585e-02   1.1161510706705159e-02   1.5731656464364793e-03   4.5721341563857133e-02   5.4617502817909281e-08
  1.4800000000000000e+00   8.5107492151405606e-01   9.0466910237100115e-02   1.1179688707829450e-02   1.5848786550138809e-03   4.5693600886007775e-02   5.4736033425332653e-08
  1.4900000000000000e+00   8.5107496738709265e-01   9.0464696537403022e-02   1.1197742320092461e-02   1.5966673865704234e-03   4.5665926368848905e-02   5.4855653002250987e-08
  1.5000000000000000e+00   8.5107494251753280e-01   9.0462535949785983e-02   1.1215671532314293e-02   1.6085323058993226e-03   4.5638317694475045e-02   5.4976373873520467e-08
  1.5100000000000000e+00   8.5107484830516811e-01   9.0460426938078417e-02   1.1233476331486632e-02   1.6204738799684563e-03   4.5610774545305877e-02   5.5098208543472520e-08
  1.5200000000000000e+00   8.5107468610697223e-01   9.0458368008250134e-02   1.1251156702779989e-02   1.6324925779228783e-03   4.5583296604082328e-02   5.5221169699173029e-08
  1.5300000000000000e+00   8.5107445723826636e-01   9.0456357707240392e-02   1.1268712629550986e-02   1.6445888710871972e-03   4.5555883553862628e-02   5.5345270213754413e-08
  1.5400000000000000e+00   8.5107416297385219e-01   9.0454394621819464e-02   1.1286144093349718e-02   1.6567632329678233e-03   4.5528535078018371e-02   5.5470523149819493e-08
  1.5500000000000000e+00   8.5107380454911308e-01   9.0452477377481716e-02   1.1303451073927162e-02   1.6690161392550779e-03   4.5501250860230637e-02   5.5596941762921731e-08
  1.5600000000000001e+00   8.5107338316108438e-01   9.0450604637369383e-02   1.1320633549242655e-02   1.6813480678251668e-03   4.5474030584486132e-02   5.5724539505120792e-08
  1.5700000000000001e+00   8.5107289996949476e-01   9.0448775101226148e-02   1.1337691495471439e-02   1.6937594987420106e-03   4.5446873935073268e-02   5.5853330028619136e-08
  1.5800000000000001e+00   8.5107235609777820e-01   9.0446987504379767e-02   1.1354624887012291e-02   1.7062509142589373e-03   4.5419780596578398e-02   5.5983327189478161e-08
  1.5900000000000001e+00   8.5107175263405743e-01   9.0445240616752909e-02   1.1371433696495204e-02   1.7188227988202253e-03   4.5392750253881911e-02   5.6114545051417627e-08
  1.6000000000000001e+00   8.5107109063210029e-01   9.0443533241901269e-02   1.1388117894789166e-02   1.7314756390625040e-03   4.5365782592154527e-02   5.6246997889701309e-08
  1.6100000000000001e+00   8.5107037111224970e-01   9.0441864216078610e-02   1.1404677451010014e-02   1.7442099238160031e-03   4.5338877296853437e-02   5.6380700195109557e-08
  1.6200000000000001e+00   8.5106959506232771e-01   9.0440232407327431e-02   1.1421112332528368e-02   1.7570261441056528e-03   4.5312034053718565e-02   5.6515666678001376e-08
  1.6299999999999999e+00   8.5106876343851434e-01   9.0438636714595011e-02   1.1437422504977656e-02   1.7699247931520291e-03   4.5285252548768848e-02   5.6651912272469570e-08
  1.6399999999999999e+00   8.5106787716620114e-01   9.0437076066873914e-02   1.1453607932262237e-02   1.7829063663721448e-03   4.5258532468298474e-02   5.6789452140589859e-08
  1.6499999999999999e+00   8.5106693714082282e-01   9.0435549422366340e-02   1.1469668576565598e-02   1.7959713613800836e-03   4.5231873498873226e-02   5.6928301676768299e-08
  1.6599999999999999e+00   8.5106594422866366e-01   9.0434055767671592e-02   1.1485604398358676e-02   1.8091202779874729e-03   4.5205275327326745e-02   5.7068476512187348e-08
  1.6699999999999999e+00   8.5106489926764317e-01   9.0432594116995987e-02   1.1501415356408251e-02   1.8223536182037944e-03   4.5178737640756916e-02   5.7209992519354392e-08
  1.6799999999999999e+00   8.5106380306807905e-01   9.0431163511384929e-02   1.1517101407785462e-02   1.8356718862365317e-03   4.5152260126522209e-02   5.7352865816757142e-08
  1.6899999999999999e+00   8.5106265641342860e-01   9.0429763017976006e-02   1.1532662507874410e-02   1.8490755884911498e-03   4.5125842472238060e-02   5.7497112773625457e-08
  1.7000000000000000e+00   8.5106146006101036e-01   9.0428391729272806e-02   1.1548098610380902e-02   1.8625652335709055e-03   4.5099484365773268e-02   5.7642750014804602e-08
  1.7100000000000000e+00   8.5106021474270499e-01   9.0427048762439066e-02   1.1563409667341262e-02   1.8761413322764880e-03   4.5073185495246443e-02   5.7789794425743254e-08
  1.7200000000000000e+00   8.5105892116563686e-01   9.0425733258612154e-02   1.1578595629131296e-02   1.8898043976054834e-03   4.5046945549022402e-02   5.7938263157598553e-08
  1.7300000000000000e+00   8.5105758001283682e-01   9.0424444382235680e-02   1.1593656444475350e-02   1.9035549447516643e-03   4.5020764215708685e-02   5.8088173632460499e-08
  1.7400000000000000e+00   8.5105619194388604e-01   9.0423181320410648e-02   1.1608592060455492e-02   1.9173934911041008e-03   4.4994641184152015e-02   5.8239543548701412e-08
  1.7500000000000000e+00   8.5105475759554217e-01   9.0421943282264425e-02   1.1623402422520832e-02   1.9313205562460896e-03   4.4968576143434823e-02   5.8392390886452269e-08
  1.7600000000000000e+00   8.5105327758234850e-01   9.0420729498337432e-02   1.1638087474496952e-02   1.9453366619539010e-03   4.4942568782871749e-02   5.8546733913209606e-08
  1.7700000000000000e+00   8.5105175249722498e-01   9.0419539219986578e-02   1.1652647158595457e-02   1.9594423321953390e-03   4.4916618792006258e-02   5.8702591189576156e-08
  1.7800000000000000e+00   8.5105018291204415e-01   9.0418371718805499e-02   1.1667081415423684e-02   1.9736380931281126e-03   4.4890725860607154e-02   5.8859981575141138e-08
  1.7900000000000000e+00   8.5104856937819029e-01   9.0417226286060540e-02   1.1681390183994526e-02   1.9879244730980185e-03   4.4864889678665205e-02   5.9018924234500909e-08
  1.8000000000000000e+00   8.5104691242710284e-01   9.0416102232142720e-02   1.1695573401736390e-02   2.0023020026369289e-03   4.4839109936389794e-02   5.9179438643427115e-08
  1.8100000000000001e+00   8.5104521257080468e-01   9.0414998886034603e-02   1.1709631004503300e-02   2.0167712144605818e-03   4.4813386324205527e-02   5.9341544595183916e-08
  1.8200000000000001e+00   8.5104347030241645e-01   9.0413915594792046e-02   1.1723562926585157e-02   2.0313326434661760e-03   4.4787718532748912e-02   5.9505262207000214e-08
  1.8300000000000001e+00   8.5104168609665543e-01   9.0412851723040352e-02   1.1737369100718112e-02   2.0459868267297663e-03   4.4762106252865072e-02   5.9670611926700893e-08
  1.8400000000000001e+00   8.5103986041032131e-01   9.0411806652484369e-02   1.1751049458095112e-02   2.0607343035034492e-03   4.4736549175604455e-02   5.9837614539500840e-08
  1.8500000000000001e+00   8.5103799368276822e-01   9.0410779781432027e-02   1.1764603928376591e-02   2.0755756152123499e-03   4.4711046992219575e-02   6.0006291174968246e-08
  1.8600000000000001e+00   8.5103608633636307e-01   9.0409770524331287e-02   1.1778032439701300e-02   2.0905113054513944e-03   4.4685599394161800e-02   6.0176663314159827e-08
  1.8700000000000001e+00   8.5103413877693179e-01   9.0408778311319798e-02   1.1791334918697310e-02   2.1055419199818761e-03   4.4660206073078100e-02   6.0348752796934714e-08
  1.8799999999999999e+00   8.5103215139419308e-01   9.0407802587787023e-02   1.1804511290493159e-02   2.1206680067278071e-03   4.4634866720807929e-02   6.0522581829451330e-08
  1.8899999999999999e+00   8.5103012456217919e-01   9.0406842813948576e-02   1.1817561478729175e-02   2.1358901157720487e-03   4.4609581029380042e-02   6.0698172991853182e-08
  1.8999999999999999e+00   8.5102805863964637e-01   9.0405898464432255e-02   1.1830485405568943e-02   2.1512087993522297e-03   4.4584348691009315e-02   6.0875549246148940e-08
  1.9099999999999999e+00   8.5102595397047232e-01   9.0404969027875690e-02   1.1843282991710951e-02   2.1666246118564408e-03   4.4559169398093748e-02   6.1054733944291729e-08
  1.9199999999999999e+00   8.5102381088404377e-01   9.0404054006534965e-02   1.1855954156400398e-02   2.1821381098187003e-03   4.4534042843211309e-02   6.1235750836465073e-08
  1.9299999999999999e+00   8.5102162969563289e-01   9.0403152915904117e-02   1.1868498817441175e-02   2.1977498519142021e-03   4.4508968719116901e-02   6.1418624079580904e-08
  1.9399999999999999e+00   8.5101941070676224e-01   9.0402265284345390e-02   1.1880916891208022e-02   2.2134603989543244e-03   4.4483946718739363e-02   6.1603378245995276e-08
  1.9500000000000000e+00   8.5101715420556123e-01   9.0401390652729424e-02   1.1893208292658847e-02   2.2292703138814167e-03   4.4458976535178454e-02   6.1790038332449346e-08
  1.9600000000000000e+00   8.5101486046711117e-01   9.0400528574085620e-02   1.1905372935347245e-02   2.2451801617633391e-03   4.4434057861701896e-02   6.1978629769242347e-08
  1.9700000000000000e+00   8.5101252975378172e-01   9.0399678613262119e-02   1.1917410731435174e-02   2.2611905097877781e-03   4.4409190391742424e-02   6.2169178429642947e-08
  1.9800000000000000e+00   8.5101016231555704e-01   9.0398840346595247e-02   1.1929321591705828e-02   2.2773019272563128e-03   4.4384373818894887e-02   6.2361710639546741e-08
  1.9900000000000000e+00   8.5100775839035314e-01   9.0398013361587967e-02   1.1941105425576696e-02   2.2935149855782379e-03   4.4359607836913374e-02   6.2556253187387814e-08
  2.0000000000000000e+00   8.5100531820432657e-01   9.0397197256597533e-02   1.1952762141112804e-02   2.3098302582641515e-03   4.4334892139708343e-02   6.2752833334310679e-08
  2.0099999999999998e+00   8.5100284197217479e-01   9.0396391640531426e-02   1.1964291645040141e-02   2.3262483209192798e-03   4.4310226421343829e-02   6.2951478824612732e-08
  2.0200000000000000e+00   8.5100032989742713e-01   9.0395596132552061e-02   1.1975693842759294e-02   2.3427697512365636e-03   4.4285610376034588e-02   6.3152217896463383e-08
  2.0299999999999998e+00   8.5099778217272803e-01   9.0394810361789465e-02   1.1986968638359260e-02   2.3593951289894825e-03   4.4261043698143418e-02   6.3355079292910765e-08
  2.0400000000000000e+00   8.5099519898011333e-01   9.0394033967061943e-02   1.1998115934631466e-02   2.3761250360246279e-03   4.4236526082178380e-02   6.3560092273182906e-08
  2.0499999999999998e+00   8.5099258049127724e-01   9.0393266596604516e-02   1.2009135633083985e-02   2.3929600562540144e-03   4.4212057222790091e-02   6.3767286624294486e-08
  2.0600000000000001e+00   8.5098992686783281e-01   9.0392507907804925e-02   1.2020027633955956e-02   2.4099007756471290e-03   4.4187636814769067e-02   6.3976692672967106e-08
  2.0699999999999998e+00   8.5098723826156508e-01   9.0391757566946826e-02   1.2030791836232209e-02   2.4269477822227155e-03   4.4163264553043091e-02   6.4188341297874023e-08
  2.0800000000000001e+00   8.5098451481467674e-01   9.0391015248960274e-02   1.2041428137658084e-02   2.4441016660402956e-03   4.4138940132674595e-02   6.4402263942219728e-08
  2.0899999999999999e+00   8.5098175666002707e-01   9.0390280637178841e-02   1.2051936434754480e-02   2.4613630191914117e-03   4.4114663248858092e-02   6.4618492626665270e-08
  2.1000000000000001e+00   8.5097896392136485e-01   9.0389553423103841e-02   1.2062316622833098e-02   2.4787324357906050e-03   4.4090433596917639e-02   6.4837059962608385e-08
  2.1099999999999999e+00   8.5097613671355310e-01   9.0388833306174726e-02   1.2072568596011905e-02   2.4962105119661127e-03   4.4066250872304320e-02   6.5057999165833350e-08
  2.1200000000000001e+00   8.5097327514278920e-01   9.0388119993546068e-02   1.2082692247230810e-02   2.5137978458502886e-03   4.4042114770593770e-02   6.5281344070540313e-08
  2.1299999999999999e+00   8.5097037930681851e-01   9.0387413199870634e-02   1.2092687468267554e-02   2.5314950375697406e-03   4.4018024987483750e-02   6.5507129143765761e-08
  2.1400000000000001e+00   8.5096744929514101e-01   9.0386712647088460e-02   1.2102554149753836e-02   2.5493026892351891e-03   4.3993981218791729e-02   6.5735389500208935e-08
  2.1499999999999999e+00   8.5096448518921330e-01   9.0386018064221849e-02   1.2112292181191635e-02   2.5672214049310307e-03   4.3969983160452496e-02   6.5966160917477099e-08
  2.1600000000000001e+00   8.5096148706264396e-01   9.0385329187175942e-02   1.2121901450969787e-02   2.5852517907046205e-03   4.3946030508515865e-02   6.6199479851762395e-08
  2.1699999999999999e+00   8.5095845498138512e-01   9.0384645758544824e-02   1.2131381846380759e-02   2.6033944545552578e-03   4.3922122959144327e-02   6.6435383453965388e-08
  2.1800000000000002e+00   8.5095538900391587e-01   9.0383967527423129e-02   1.2140733253637672e-02   2.6216500064228732e-03   4.3898260208610831e-02   6.6673909586280015e-08
  2.1899999999999999e+00   8.5095228918142318e-01   9.0383294249222715e-02   1.2149955557891544e-02   2.6400190581764272e-03   4.3874441953296497e-02   6.6915096839256223e-08
  2.2000000000000002e+00   8.5094915555797668e-01   9.0382625685494433e-02   1.2159048643248767e-02   2.6585022236020012e-03   4.3850667889688492e-02   6.7158984549354462e-08
  2.2100000000000000e+00   8.5094598817069822e-01   9.0381961603754987e-02   1.2168012392788823e-02   2.6771001183905838e-03   4.3826937714377838e-02   6.7405612817011780e-08
  2.2200000000000002e+00   8.5094278704992699e-01   9.0381301777318332e-02   1.2176846688582234e-02   2.6958133601255583e-03   4.3803251124057266e-02   6.7655022525232617e-08
  2.2300000000000000e+00   8.5093955221938056e-01   9.0380645985131985e-02   1.2185551411708753e-02   2.7146425682698749e-03   4.3779607815519213e-02   6.7907255358726605e-08
  2.2400000000000002e+00   8.5093628369631036e-01   9.0379994011617754e-02   1.2194126442275785e-02   2.7335883641529135e-03   4.3756007485653690e-02   6.8162353823609715e-08
  2.2500000000000000e+00   8.5093298149165320e-01   9.0379345646516840e-02   1.2202571659437070e-02   2.7526513709570312e-03   4.3732449831446349e-02   6.8420361267688152e-08
  2.2599999999999998e+00   8.5092964561017936e-01   9.0378700684739327e-02   1.2210886941411592e-02   2.7718322137037970e-03   4.3708934549976514e-02   6.8681321901346240e-08
  2.2700000000000000e+00   8.5092627605063509e-01   9.0378058926217808e-02   1.2219072165502748e-02   2.7911315192398981e-03   4.3685461338415200e-02   6.8945280819060130e-08
