  0.0000000000000000e+00   8.4673500000000002e-01   9.5000000000000001e-02   7.1000000000000004e-03   4.6500000000000003e-04   5.0700000000000002e-02   6.7971224112486550e-03
  1.0000000000000000e-02   8.4686127600224703e-01   9.4872824280218246e-02   7.1375242693896800e-03   4.6953726326173746e-04   5.0658838184883287e-02   6.8138996342996102e-03
  2.0000000000000000e-02   8.4698403051694071e-01   9.4749172082593286e-02   7.1748998107934890e-03   4.7410183271726558e-04   5.0617795756955304e-02   6.8226312670806059e-03
  2.9999999999999999e-02   8.4710336102489281e-01   9.4628945692180041e-02   7.2121270717564901e-03   4.7869393478815994e-04   5.0576872276382627e-02   6.8314089157241074e-03
  4.0000000000000001e-02   8.4721936230237849e-01   9.4512050103177522e-02   7.2492064927748004e-03   4.8331377814614970e-04   5.0536067323523275e-02   6.8402329290061601e-03
  5.0000000000000003e-02   8.4733212649612755e-01   9.4398392943814122e-02   7.2861385075198692e-03   4.8796157245019356e-04   5.0495380480088579e-02   6.8491036566317208e-03
  5.9999999999999998e-02   8.4744174319622434e-01   9.4287884403313246e-02   7.3229235429765832e-03   4.9263752835773927e-04   5.0454811329128608e-02   6.8580214492747057e-03
  7.0000000000000007e-02   8.4754829950698496e-01   9.4180437160884256e-02   7.3595620195775610e-03   4.9734185753583335e-04   5.0414359455017980e-02   6.8669866586049191e-03
  8.0000000000000002e-02   8.4765188011587100e-01   9.4075966316681914e-02   7.3960543513337538e-03   5.0207477267208878e-04   5.0374024443441807e-02   6.8759996373126079e-03
  8.9999999999999997e-02   8.4775256736049132e-01   9.3974389324680357e-02   7.4324009459614320e-03   5.0683648748551136e-04   5.0333805881382032e-02   6.8850607391320812e-03
  1.0000000000000001e-01   8.4785044129374576e-01   9.3875625927408043e-02   7.4686022050056700e-03   5.1162721673719553e-04   5.0293703357103994e-02   6.8941703188646741e-03
  1.1000000000000000e-01   8.4794557974716378e-01   9.3779598092492381e-02   7.5046585239604254e-03   5.1644717624089239e-04   5.0253716460143198e-02   6.9033287324010810e-03
  1.2000000000000000e-01   8.4803805839248569e-01   9.3686229950963762e-02   7.5405702923852878e-03   5.2129658287345336e-04   5.0213844781292448e-02   6.9125363367431173e-03
  1.3000000000000000e-01   8.4812795080153736e-01   9.3595447737270104e-02   7.5763378940190227e-03   5.2617565458515727e-04   5.0174087912589135e-02   6.9217934900249311e-03
  1.4000000000000001e-01   8.4821532850444348e-01   9.3507179730954723e-02   7.6119617068899541e-03   5.3108461040992294e-04   5.0134445447302778e-02   6.9311005515336616e-03
  1.4999999999999999e-01   8.4830026104622824e-01   9.3421356199951150e-02   7.6474421034233167e-03   5.3602367047541287e-04   5.0094916979922827e-02   6.9404578817296083e-03
  1.6000000000000000e-01   8.4838281604184540e-01   9.3337909345450332e-02   7.6827794505456180e-03   5.4099305601303040e-04   5.0055502106146704e-02   6.9498658422658677e-03
  1.7000000000000001e-01   8.4846305922968301e-01   9.3256773248296274e-02   7.7179741097861332e-03   5.4599298936781665e-04   5.0016200422868008e-02   6.9593247960075206e-03
  1.7999999999999999e-01   8.4854105452358441e-01   9.3177883816868090e-02   7.7530264373755755e-03   5.5102369400824843e-04   4.9977011528164951e-02   6.9688351070503239e-03
  1.9000000000000000e-01   8.4861686406342718e-01   9.3101178736407122e-02   7.7879367843420449e-03   5.5608539453594189e-04   4.9937935021289084e-02   6.9783971407389863e-03
  2.0000000000000001e-01   8.4869054826429879e-01   9.3026597419748933e-02   7.8227054966043177e-03   5.6117831669526611e-04   4.9898970502654107e-02   6.9880112636849789e-03
  2.0999999999999999e-01   8.4876216586430986e-01   9.2954080959421370e-02   7.8573329150625534e-03   5.6630268738286642e-04   4.9860117573824927e-02   6.9976778437839306e-03
  2.2000000000000000e-01   8.4883177397108023e-01   9.2883572081070884e-02   7.8918193756864884e-03   5.7145873465710528e-04   4.9821375837506933e-02   7.0073972502326352e-03
  2.3000000000000001e-01   8.4889942810693764e-01   9.2815015098179993e-02   7.9261652096011895e-03   5.7664668774741923e-04   4.9782744897535459e-02   7.0171698535456371e-03
  2.3999999999999999e-01   8.4896518225286177e-01   9.2748355868040464e-02   7.9603707431704241e-03   5.8186677706359663e-04   4.9744224358865351e-02   7.0269960255714501e-03
  2.5000000000000000e-01   8.4902908889121109e-01   9.2683541748947010e-02   7.9944362980777280e-03   5.8711923420498027e-04   4.9705813827560834e-02   7.0368761395084101e-03
  2.6000000000000001e-01   8.4909119904726338e-01   9.2620521558578056e-02   8.0283621914052274e-03   5.9240429196959318e-04   4.9667512910785451e-02   7.0468105699201481e-03
  2.7000000000000002e-01   8.4915156232960587e-01   9.2559245533530288e-02   8.0621487357102617e-03   5.9772218436319373e-04   4.9629321216792227e-02   7.0567996927507265e-03
  2.8000000000000003e-01   8.4921022696940451e-01   9.2499665289975275e-02   8.0957962390999054e-03   6.0307314660826088e-04   4.9591238354913962e-02   7.0668438853394317e-03
  2.8999999999999998e-01   8.4926723985858477e-01   9.2441733785406974e-02   8.1293050053033999e-03   6.0845741515291201e-04   4.9553263935553718e-02   7.0769435264352422e-03
  2.9999999999999999e-01   8.4932264658695433e-01   9.2385405281449687e-02   8.1626753337425955e-03   6.1387522767975358e-04   4.9515397570175444e-02   7.0870989962109705e-03
  3.1000000000000000e-01   8.4937649147829464e-01   9.2330635307697390e-02   8.1959075196004257e-03   6.1932682311466986e-04   4.9477638871294749e-02   7.0973106762770820e-03
  3.2000000000000001e-01   8.4942881762545352e-01   9.2277380626555577e-02   8.2290018538875038e-03   6.2481244163554886e-04   4.9439987452469837e-02   7.1075789496952355e-03
  3.3000000000000002e-01   8.4947966692446375e-01   9.2225599199057956e-02   8.2619586235068414e-03   6.3033232468094722e-04   4.9402442928292559e-02   7.1179042009914999e-03
  3.4000000000000002e-01   8.4952908010771599e-01   9.2175250151630972e-02   8.2947781113168091e-03   6.3588671495869761e-04   4.9365004914379652e-02   7.1282868161692877e-03
  3.4999999999999998e-01   8.4957709677621163e-01   9.2126293743779619e-02   8.3274605961923109e-03   6.4147585645445778e-04   4.9327673027364072e-02   7.1387271827220208e-03
  3.5999999999999999e-01   8.4962375543092150e-01   9.2078691336669599e-02   8.3600063530843028e-03   6.4709999444020568e-04   4.9290446884886499e-02   7.1492256896454999e-03
  3.7000000000000000e-01   8.4966909350327491e-01   9.2032405362580172e-02   8.3924156530776322e-03   6.5275937548267765e-04   4.9253326105586887e-02   7.1597827274500168e-03
  3.8000000000000000e-01   8.4971314738480275e-01   9.1987399295204247e-02   8.4246887634472911e-03   6.5845424745175575e-04   4.9216310309096296e-02   7.1703986881721969e-03
  3.9000000000000001e-01   8.4975595245595992e-01   9.1943637620771859e-02   8.4568259477131001e-03   6.6418485952880160e-04   4.9179399116028664e-02   7.1810739653865880e-03
  4.0000000000000002e-01   8.4979754311414746e-01   9.1901085809974289e-02   8.4888274656928827e-03   6.6995146221494070e-04   4.9142592147972855e-02   7.1918089542169911e-03
  4.0999999999999998e-01   8.4983795280095764e-01   9.1859710290666613e-02   8.5206935735541618e-03   6.7575430733929581e-04   4.9105889027484730e-02   7.2026040513475517e-03
  4.1999999999999998e-01   8.4987721402866434e-01   9.1819478421327205e-02   8.5524245238644374e-03   6.8159364806717282e-04   4.9069289378079341e-02   7.2134596550336135e-03
  4.2999999999999999e-01   8.4991535840597798e-01   9.1780358465252912e-02   8.5840205656400517e-03   6.8746973890819755e-04   4.9032792824223306e-02   7.2243761651123138e-03
  4.4000000000000000e-01   8.4995241666308707e-01   9.1742319565469979e-02   8.6154819443937190e-03   6.9338283572440644e-04   4.8996398991327218e-02   7.2353539830129730e-03
  4.5000000000000001e-01   8.4998841867600483e-01   9.1705331720340413e-02   8.6468089021807300e-03   6.9933319573829093e-04   4.8960107505738169e-02   7.2463935117672513e-03
  4.6000000000000002e-01   8.5002339349024070e-01   9.1669365759844690e-02   8.6780016776438953e-03   7.0532107754079569e-04   4.8923917994732426e-02   7.2574951560190736e-03
  4.6999999999999997e-01   8.5005736934381559e-01   9.1634393322522240e-02   8.7090605060572181e-03   7.1134674109927360e-04   4.8887830086508148e-02   7.2686593220343326e-03
  4.7999999999999998e-01   8.5009037368963947e-01   9.1600386833051065e-02   8.7399856193683904e-03   7.1741044776539489e-04   4.8851843410178231e-02   7.2798864177103986e-03
  4.8999999999999999e-01   8.5012243321726699e-01   9.1567319480449133e-02   8.7707772462400982e-03   7.2351246028301412e-04   4.8815957595763279e-02   7.2911768525853633e-03
  5.0000000000000000e-01   8.5015357387405177e-01   9.1535165196880125e-02   8.8014356120901961e-03   7.2965304279599302e-04   4.8780172274184588e-02   7.3025310378470919e-03
  5.1000000000000001e-01   8.5018382088571187e-01   9.1503898637046860e-02   8.8319609391307695e-03   7.3583246085598181e-04   4.8744487077257301e-02   7.3139493863420479e-03
  5.2000000000000002e-01   8.5021319877632706e-01   9.1473495158156018e-02   8.8623534464061116e-03   7.4205098143015759e-04   4.8708901637683599e-02   7.3254323125838900e-03
  5.3000000000000003e-01   8.5024173138777992e-01   9.1443930800438403e-02   8.8926133498296901e-03   7.4830887290892141e-04   4.8673415589046025e-02   7.3369802327618609e-03
  5.4000000000000004e-01   8.5026944189865927e-01   9.1415182268209286e-02   8.9227408622200508e-03   7.5460640511355328e-04   4.8638028565800850e-02   7.3485935647489790e-03
  5.5000000000000004e-01   8.5029635284263816e-01   9.1387226911453887e-02   8.9527361933357738e-03   7.6094384930382717e-04   4.8602740203271537e-02   7.3602727281100282e-03
  5.6000000000000005e-01   8.5032248612634254e-01   9.1360042707923431e-02   8.9825995499094417e-03   7.6732147818558397e-04   4.8567550137642301e-02   7.3720181441093643e-03
  5.6999999999999995e-01   8.5034786304672494e-01   9.1333608245727643e-02   9.0123311356807081e-03   7.7373956591826414e-04   4.8532458005951719e-02   7.3838302357185533e-03
  5.7999999999999996e-01   8.5037250430795619e-01   9.1307902706409788e-02   9.0419311514284319e-03   7.8019838812240006e-04   4.8497463446086450e-02   7.3957094276238160e-03
  5.8999999999999997e-01   8.5039643003784815e-01   9.1282905848491094e-02   9.0713997950019505e-03   7.8669822188706770e-04   4.8462566096774989e-02   7.4076561462332923e-03
  5.9999999999999998e-01   8.5041965980382150e-01   9.1258597991471402e-02   9.1007372613514954e-03   7.9323934577729769e-04   4.8427765597581551e-02   7.4196708196841137e-03
  6.0999999999999999e-01   8.5044221262843067e-01   9.1234960000273341e-02   9.1299437425577754e-03   7.9982203984144671e-04   4.8393061588899978e-02   7.4317538778492761e-03
  6.2000000000000000e-01   8.5046410700445840e-01   9.1211973270117958e-02   9.1590194278607720e-03   8.0644658561852779e-04   4.8358453711947712e-02   7.4439057523443073e-03
  6.3000000000000000e-01   8.5048536090959082e-01   9.1189619711819520e-02   9.1879645036877285e-03   8.1311326614550068e-04   4.8323941608759892e-02   7.4561268765337280e-03
  6.4000000000000001e-01   8.5050599182068709e-01   9.1167881737488118e-02   9.2167791536804013e-03   8.1982236596452214e-04   4.8289524922183448e-02   7.4684176855373203e-03
  6.5000000000000002e-01   8.5052601672765182e-01   9.1146742246628762e-02   9.2454635587215662e-03   8.2657417113015492e-04   4.8255203295871352e-02   7.4807786162362049e-03
  6.6000000000000003e-01   8.5054545214692390e-01   9.1126184612625755e-02   9.2740178969608119e-03   8.3336896921653626e-04   4.8220976374276803e-02   7.4932101072787268e-03
  6.7000000000000004e-01   8.5056431413459033e-01   9.1106192669601904e-02   9.3024423438396401e-03   8.4020704932450665e-04   4.8186843802647608e-02   7.5057125990861959e-03
  6.8000000000000005e-01   8.5058261829913706e-01   9.1086750699641963e-02   9.3307370721158935e-03   8.4708870208869563e-04   4.8152805227020527e-02   7.5182865338584990e-03
  6.8999999999999995e-01   8.5060037981384573e-01   9.1067843420370539e-02   9.3589022518875235e-03   8.5401421968456812e-04   4.8118860294215721e-02   7.5309323555803054e-03
  6.9999999999999996e-01   8.5061761342884745e-01   9.1049455972874199e-02   9.3869380506157365e-03   8.6098389583542869e-04   4.8085008651831282e-02   7.5436505099034544e-03
  7.0999999999999996e-01   8.5063433348284112e-01   9.1031573909958488e-02   9.4148446331475174e-03   8.6799802581938291e-04   4.8051249948237763e-02   7.5564414446108105e-03
  7.1999999999999997e-01   8.5065055391448707e-01   9.1014183184730646e-02   9.4426221617375551e-03   8.7505690647625704e-04   4.8017583832572798e-02   7.5693056089915283e-03
  7.2999999999999998e-01   8.5066628827348567e-01   9.0997270139498806e-02   9.4702707960695950e-03   8.8216083621447733e-04   4.7984009954735778e-02   7.5822434541958986e-03
  7.3999999999999999e-01   8.5068154973134780e-01   9.0980821494978950e-02   9.4977906932772211e-03   8.8931011501790355e-04   4.7950527965382572e-02   7.5952554331979779e-03
  7.5000000000000000e-01   8.5069635109186637e-01   9.0964824339801159e-02   9.5251820079641069e-03   8.9650504445262075e-04   4.7917137515920298e-02   7.6083420007857332e-03
  7.6000000000000001e-01   8.5071070480129829e-01   9.0949266120306835e-02   9.5524448922237274e-03   9.0374592767368685e-04   4.7883838258502155e-02   7.6215036135635046e-03
  7.7000000000000002e-01   8.5072462295826334e-01   9.0934134630628730e-02   9.5795794956585606e-03   9.1103306943183659e-04   4.7850629846022306e-02   7.6347407299553411e-03
  7.8000000000000003e-01   8.5073811732336890e-01   9.0919418003046065e-02   9.6065859653988051e-03   9.1836677608013949e-04   4.7817511932110812e-02   7.6480538102087110e-03
  7.9000000000000004e-01   8.5075119932856791e-01   9.0905104698607117e-02   9.6334644461205949e-03   9.2574735558061431e-04   4.7784484171128593e-02   7.6614433163982526e-03
  8.0000000000000004e-01   8.5076388008625636e-01   9.0891183498011605e-02   9.6602150800637714e-03   9.3317511751079662e-04   4.7751546218162445e-02   7.6749097124288223e-03
  8.1000000000000005e-01   8.5077617039811926e-01   9.0877643492746227e-02   9.6868380070491891e-03   9.4065037307026025e-04   4.7718697729020168e-02   7.6884534640387749e-03
  8.1999999999999995e-01   8.5078808076373136e-01   9.0864474076465529e-02   9.7133333644955910e-03   9.4817343508709208e-04   4.7685938360225617e-02   7.7020750388025671e-03
  8.2999999999999996e-01   8.5079962138891885e-01   9.0851664936612161e-02   9.7397012874360575e-03   9.5574461802431945e-04   4.7653267769013907e-02   7.7157749061338553e-03
  8.3999999999999997e-01   8.5081080219388927e-01   9.0839206046269147e-02   9.7659419085340468e-03   9.6336423798628874e-04   4.7620685613326622e-02   7.7295535372876780e-03
  8.4999999999999998e-01   8.5082163282113599e-01   9.0827087656238328e-02   9.7920553580990409e-03   9.7103261272499643e-04   4.7588191551807012e-02   7.7434114053632165e-03
  8.5999999999999999e-01   8.5083212264312369e-01   9.0815300287338169e-02   9.8180417641018022e-03   9.7875006164636837e-04   4.7555785243795369e-02   7.7573489853052643e-03
  8.7000000000000000e-01   8.5084228076975998e-01   9.0803834722915353e-02   9.8439012521892647e-03   9.8651690581649147e-04   4.7523466349324313e-02   7.7713667539066490e-03
  8.8000000000000000e-01   8.5085211605566058e-01   9.0792682001563887e-02   9.8696339456990582e-03   9.9433346796779279e-04   4.7491234529114183e-02   7.7854651898097513e-03
  8.9000000000000001e-01   8.5086163710721219e-01   9.0781833410046031e-02   9.8952399656736956e-03   1.0022000725051670e-03   4.7459089444568461e-02   7.7996447735088539e-03
  9.0000000000000002e-01   8.5087085228944026e-01   9.0771280476409574e-02   9.9207194308744140e-03   1.0101170455120519e-03   4.7427030757769217e-02   7.8139059873503086e-03
  9.1000000000000003e-01   8.5087976973268575e-01   9.0761014963295972e-02   9.9460724577946982e-03   1.0180847147564507e-03   4.7395058131472621e-02   7.8282493155341724e-03
  9.2000000000000004e-01   8.5088839733909671e-01   9.0751028861433922e-02   9.9712991606734861e-03   1.0261034096968992e-03   4.7363171229104481e-02   7.8426752441152128e-03
  9.3000000000000005e-01   8.5089674278893990e-01   9.0741314383313371e-02   9.9963996515080675e-03   1.0341734614883794e-03   4.7331369714755815e-02   7.8571842610035171e-03
  9.3999999999999995e-01   8.5090481354673730e-01   9.0731863957034947e-02   1.0021374040066710e-02   1.0422952029881750e-03   4.7299653253178475e-02   7.8717768559650771e-03
  9.4999999999999996e-01   8.5091261686723241e-01   9.0722670220329926e-02   1.0046222433900971e-02   1.0504689687616739e-03   4.7268021509780760e-02   7.8864535206221806e-03
  9.5999999999999996e-01   8.5092015980119085e-01   9.0713726014745880e-02   1.0070944938357768e-02   1.0586950950881079e-03   4.7236474150623153e-02   7.9012147484534972e-03
  9.6999999999999997e-01   8.5092744920104069e-01   9.0705024379993740e-02   1.0095541656591161e-02   1.0669739199662400e-03   4.7205010842414026e-02   7.9160610347939597e-03
  9.7999999999999998e-01   8.5093449172635527e-01   9.0696558548451364e-02   1.0120012689573908e-02   1.0753057831199852e-03   4.7173631252505392e-02   7.9309928768344796e-03
  9.8999999999999999e-01   8.5094129384918482e-01   9.0688321939819641e-02   1.0144358136108745e-02   1.0836910260039775e-03   4.7142335048888713e-02   7.9460107736215018e-03
  1.0000000000000000e+00   8.5094786185923998e-01   9.0680308155926773e-02   1.0168578092839461e-02   1.0921299918090705e-03   4.7111121900190699e-02   7.9611152260563589e-03
  1.0100000000000000e+00   8.5095420186893089e-01   9.0672510975676440e-02   1.0192672654261730e-02   1.1006230254677770e-03   4.7079991475669235e-02   7.9763067368937481e-03
  1.0200000000000000e+00   8.5096031981826725e-01   9.0664924350136247e-02   1.0216641912733726e-02   1.1091704736596469e-03   4.7048943445209185e-02   7.9915858107410132e-03
  1.0300000000000000e+00   8.5096622147962242e-01   9.0657542397762206e-02   1.0240485958486537e-02   1.1177726848165771e-03   4.7017977479318428e-02   8.0069529540567324e-03
  1.0400000000000000e+00   8.5097191246236448e-01   9.0650359399755576e-02   1.0264204879634375e-02   1.1264300091280580e-03   4.6987093249123757e-02   8.0224086751491362e-03
  1.0500000000000000e+00   8.5097739821735974e-01   9.0643369795548712e-02   1.0287798762184584e-02   1.1351427985463519e-03   4.6956290426366877e-02   8.0379534841744822e-03
  1.0600000000000001e+00   8.5098268404135124e-01   9.0636568178415644e-02   1.0311267690047482e-02   1.1439114067916059e-03   4.6925568683400462e-02   8.0535878931341700e-03
  1.0700000000000001e+00   8.5098777508121459e-01   9.0629949291204728e-02   1.0334611745046001e-02   1.1527361893568910e-03   4.6894927693184207e-02   8.0693124158731956e-03
  1.0800000000000001e+00   8.5099267633809783e-01   9.0623508022189436e-02   1.0357831006925187e-02   1.1616175035131762e-03   4.6864367129280909e-02   8.0851275680774142e-03
  1.0900000000000001e+00   8.5099739267144414e-01   9.0617239401034166e-02   1.0380925553361510e-02   1.1705557083142282e-03   4.6833886665852614e-02   8.1010338672707332e-03
  1.1000000000000001e+00   8.5100192880290448e-01   9.0611138594871993e-02   1.0403895459972029e-02   1.1795511646014384e-03   4.6803485977656767e-02   8.1170318328121060e-03
  1.1100000000000001e+00   8.5100628932014133e-01   9.0605200904491090e-02   1.0426740800323421e-02   1.1886042350085775e-03   4.6773164740042374e-02   8.1331219858922880e-03
  1.1200000000000001e+00   8.5101047868052637e-01   9.0599421760626880e-02   1.0449461645940850e-02   1.1977152839664738e-03   4.6742922628946262e-02   8.1493048495303727e-03
  1.1299999999999999e+00   8.5101450121473621e-01   9.0593796720357070e-02   1.0472058066316703e-02   1.2068846777076167e-03   4.6712759320889308e-02   8.1655809485700510e-03
  1.1399999999999999e+00   8.5101836113024798e-01   9.0588321463596536e-02   1.0494530128919217e-02   1.2161127842706797e-03   4.6682674492972698e-02   8.1819508096756480e-03
  1.1499999999999999e+00   8.5102206251473755e-01   9.0582991789689399e-02   1.0516877899200961e-02   1.2253999735049681e-03   4.6652667822874305e-02   8.1984149613278778e-03
  1.1599999999999999e+00   8.5102560933938487e-01   9.0577803614095634e-02   1.0539101440607216e-02   1.2347466170747833e-03   4.6622738988844926e-02   8.2149739338193747e-03
  1.1699999999999999e+00   8.5102900546208526e-01   9.0572752965169548e-02   1.0561200814584240e-02   1.2441530884637086e-03   4.6592887669704743e-02   8.2316282592499648e-03
  1.1799999999999999e+00   8.5103225463057408e-01   9.0567835981027453e-02   1.0583176080587434e-02   1.2536197629788093e-03   4.6563113544839670e-02   8.2483784715216731e-03
  1.1899999999999999e+00   8.5103536048546313e-01   9.0563048906502339e-02   1.0605027296089409e-02   1.2631470177547502e-03   4.6533416294197799e-02   8.2652251063334778e-03
  1.2000000000000000e+00   8.5103832656319300e-01   9.0558388090182879e-02   1.0626754516587957e-02   1.2727352317578255e-03   4.6503795598285859e-02   8.2821687011757905e-03
  1.2100000000000000e+00   8.5104115629890342e-01   9.0553849981534540e-02   1.0648357795613942e-02   1.2823847857899061e-03   4.6474251138165688e-02   8.2992097953247003e-03
  1.2200000000000000e+00   8.5104385302922481e-01   9.0549431128100558e-02   1.0669837184739107e-02   1.2920960624922928e-03   4.6444782595450783e-02   8.3163489298359143e-03
  1.2300000000000000e+00   8.5104641999499120e-01   9.0545128172780376e-02   1.0691192733583814e-02   1.3018694463494836e-03   4.6415389652302790e-02   8.3335866475384504e-03
  1.2400000000000000e+00   8.5104886034387828e-01   9.0540937851183778e-02   1.0712424489824689e-02   1.3117053236928469e-03   4.6386071991428128e-02   8.3509234930280573e-03
  1.2500000000000000e+00   8.5105117713296863e-01   9.0536856989058084e-02   1.0733532499202251e-02   1.3216040827042040e-03   4.6356829296074563e-02   8.3683600126603346e-03
  1.2600000000000000e+00   8.5105337333124542e-01   9.0532882499786915e-02   1.0754516805528420e-02   1.3315661134193166e-03   4.6327661250027845e-02   8.3858967545436119e-03
  1.2700000000000000e+00   8.5105545182201625e-01   9.0529011381958152e-02   1.0775377450694030e-02   1.3415918077312777e-03   4.6298567537608359e-02   8.4035342685315154e-03
  1.2800000000000000e+00   8.5105741540527080e-01   9.0525240716999453e-02   1.0796114474676240e-02   1.3516815593938051e-03   4.6269547843667859e-02   8.4212731062152484e-03
  1.2900000000000000e+00   8.5105926679997268e-01   9.0521567666879105e-02   1.0816727915545951e-02   1.3618357640244371e-03   4.6240601853586104e-02   8.4391138209156166e-03
  1.3000000000000000e+00   8.5106100864628698e-01   9.0517989471870910e-02   1.0837217809475139e-02   1.3720548191076263e-03   4.6211729253267664e-02   8.4570569676747174e-03
  1.3100000000000001e+00   8.5106264350774707e-01   9.0514503448380718e-02   1.0857584190744176e-02   1.3823391239977327e-03   4.6182929729138678e-02   8.4751031032473858e-03
  1.3200000000000001e+00   8.5106417387336031e-01   9.0511106986833539e-02   1.0877827091749120e-02   1.3926890799219108e-03   4.6154202968143633e-02   8.4932527860922813e-03
  1.3300000000000001e+00   8.5106560215965565e-01   9.0507797549618949e-02   1.0897946543008977e-02   1.4031050899828935e-03   4.6125548657742217e-02   8.5115065763627373e-03
  1.3400000000000001e+00   8.5106693071267447e-01   9.0504572669093591e-02   1.0917942573172929e-02   1.4135875591616686e-03   4.6096966485906193e-02   8.5298650358972654e-03
  1.3500000000000001e+00   8.5106816180990585e-01   9.0501429945639103e-02   1.0937815209027566e-02   1.4241368943200459e-03   4.6068456141116237e-02   8.5483287282097729e-03
  1.3600000000000001e+00   8.5106929766216899e-01   9.0498367045773756e-02   1.0957564475504090e-02   1.4347535042031137e-03   4.6040017312358877e-02   8.5668982184794462e-03
  1.3700000000000001e+00   8.5107034041544183e-01   9.0495381700316499e-02   1.0977190395685519e-02   1.4454377994415840e-03   4.6011649689123461e-02   8.5855740735403651e-03
  1.3799999999999999e+00   8.5107129215263999e-01   9.0492471702601954e-02   1.0996692990813867e-02   1.4561901925540252e-03   4.5983352961399077e-02   8.6043568618707610e-03
  1.3899999999999999e+00   8.5107215489534627e-01   9.0489634906744790e-02   1.1016072280297362e-02   1.4670110979489762e-03   4.5955126819671600e-02   8.6232471535819619e-03
  1.3999999999999999e+00   8.5107293060549138e-01   9.0486869225952352e-02   1.1035328281717618e-02   1.4779009319269456e-03   4.5926970954920682e-02   8.6422455204070384e-03
  1.4099999999999999e+00   8.5107362118698915e-01   9.0484172630883902e-02   1.1054461010836866e-02   1.4888601126822911e-03   4.5898885058616841e-02   8.6613525356890979e-03
  1.4199999999999999e+00   8.5107422848732506e-01   9.0481543148055482e-02   1.1073470481605143e-02   1.4998890603049782e-03   4.5870868822718520e-02   8.6805687743692506e-03
  1.4299999999999999e+00   8.5107475429910129e-01   9.0478978858288914e-02   1.1092356706167544e-02   1.5109881967822170e-03   4.5842921939669219e-02   8.6998948129742640e-03
  1.4399999999999999e+00   8.5107520036153927e-01   9.0476477895203841e-02   1.1111119694871463e-02   1.5221579459999738e-03   4.5815044102394620e-02   8.7193312296038692e-03
  1.4500000000000000e+00   8.5107556836193954e-01   9.0474038443751570e-02   1.1129759456273867e-02   1.5333987337443559e-03   4.5787235004299799e-02   8.7388786039177078e-03
  1.4600000000000000e+00   8.5107585993710178e-01   9.0471658738789526e-02   1.1148275997148597e-02   1.5447109877028706e-03   4.5759494339266363e-02   8.7585375171219722e-03
  1.4700000000000000e+00   8.5107607667470497e-01   9.0469337063695254e-02   1.1166669322493692e-02   1.5560951374655519e-03   4.5731821801649725e-02   8.7783085519556638e-03
  1.4800000000000000e+00   8.5107622011464934e-01   9.0467071749018815e-02   1.1184939435538749e-02   1.5675516145259565e-03   4.5704217086276346e-02   8.7981922926765391e-03
  1.4900000000000000e+00   8.5107629175036126e-01   9.0464861171172584e-02   1.1203086337752325e-02   1.5790808522820254e-03   4.5676679888441034e-02   8.8181893250466620e-03
  1.5000000000000000e+00   8.5107629303006149e-01   9.0462703751157336e-02   1.1221110028849382e-02   1.5906832860368117e-03   4.5649209903904246e-02   8.8383002363176203e-03
  1.5100000000000000e+00   8.5107622535799854e-01   9.0460597953323604e-02   1.1239010506798755e-02   1.6023593529990688e-03   4.5621806828889437e-02   8.8585256152153950e-03
  1.5200000000000000e+00   8.5107609009564711e-01   9.0458542284167498e-02   1.1256787767830685e-02   1.6141094922836998e-03   4.5594470360080457e-02   8.8788660519248264e-03
  1.5300000000000000e+00   8.5107588856287431e-01   9.0456535291159781e-02   1.1274441806444411e-02   1.6259341449120657e-03   4.5567200194618927e-02   8.8993221380737481e-03
  1.5400000000000000e+00   8.5107562203907239e-01   9.0454575561607423e-02   1.1291972615415783e-02   1.6378337538121512e-03   4.5539996030101684e-02   8.9198944667167410e-03
  1.5500000000000000e+00   8.5107529176426089e-01   9.0452661721546812e-02   1.1309380185804973e-02   1.6498087638185809e-03   4.5512857564578270e-02   8.9405836323184912e-03
  1.5600000000000001e+00   8.5107489894015709e-01   9.0450792434667485e-02   1.1326664506964202e-02   1.6618596216724951e-03   4.5485784496548387e-02   8.9613902307367991e-03
  1.5700000000000001e+00   8.5107444473121752e-01   9.0448966401265832e-02   1.1343825566545573e-02   1.6739867760212691e-03   4.5458776524959457e-02   8.9823148592051913e-03
  1.5800000000000001e+00   8.5107393026565081e-01   9.0447182357227748e-02   1.1360863350508931e-02   1.6861906774180858e-03   4.5431833349204150e-02   9.0033581163151393e-03
  1.5900000000000001e+00   8.5107335663640116e-01   9.0445439073039438e-02   1.1377777843129832e-02   1.6984717783213529e-03   4.5404954669118008e-02   9.0245206019979075e-03
  1.6000000000000001e+00   8.5107272490210550e-01   9.0443735352825794e-02   1.1394569027007546e-02   1.7108305330939641e-03   4.5378140184977017e-02   9.0458029175059795e-03
  1.6100000000000001e+00   8.5107203608802384e-01   9.0442070033415187e-02   1.1411236883073161e-02   1.7232673980024039e-03   4.5351389597495302e-02   9.0672056653941235e-03
  1.6200000000000001e+00   8.5107129118694336e-01   9.0440441983430445e-02   1.1427781390597762e-02   1.7357828312156921e-03   4.5324702607822773e-02   9.0887294495000260e-03
  1.6299999999999999e+00   8.5107049116005762e-01   9.0438850102404808e-02   1.1444202527200678e-02   1.7483772928041667e-03   4.5298078917542853e-02   9.1103748749245348e-03
  1.6399999999999999e+00   8.5106963693782145e-01   9.0437293319922535e-02   1.1460500268857822e-02   1.7610512447381009e-03   4.5271518228670211e-02   9.1321425480114880e-03
  1.6499999999999999e+00   8.5106872942078216e-01   9.0435770594783263e-02   1.1476674589910125e-02   1.7738051508861576e-03   4.5245020243648550e-02   9.1540330763271345e-03
  1.6599999999999999e+00   8.5106776948038665e-01   9.0434280914189522e-02   1.1492725463072052e-02   1.7866394770136729e-03   4.5218584665348407e-02   9.1760470686391444e-03
  1.6699999999999999e+00   8.5106675795976749e-01   9.0432823292956821e-02   1.1508652859440204e-02   1.7995546907807697e-03   4.5192211197064985e-02   9.1981851348951760e-03
  1.6799999999999999e+00   8.5106569567450630e-01   9.0431396772745615e-02   1.1524456748502034e-02   1.8125512617402993e-03   4.5165899542516035e-02   9.2204478862010514e-03
  1.6899999999999999e+00   8.5106458341337599e-01   9.0430000421314480e-02   1.1540137098144642e-02   1.8256296613356072e-03   4.5139649405839762e-02   9.2428359347984778e-03
  1.7000000000000000e+00   8.5106342193906193e-01   9.0428633331794087e-02   1.1555693874663691e-02   1.8387903628981237e-03   4.5113460491592754e-02   9.2653498940423566e-03
  1.7100000000000000e+00   8.5106221198886411e-01   9.0427294621981291e-02   1.1571127042772397e-02   1.8520338416447731e-03   4.5087332504747939e-02   9.2879903783776394e-03
  1.7200000000000000e+00   8.5106095427537942e-01   9.0425983433652712e-02   1.1586436565610668e-02   1.8653605746752030e-03   4.5061265150692621e-02   9.3107580033157614e-03
  1.7300000000000000e+00   8.5105964948716373e-01   9.0424698931897418e-02   1.1601622404754307e-02   1.8787710409688290e-03   4.5035258135226484e-02   9.3336533854106139e-03
  1.7400000000000000e+00   8.5105829828937685e-01   9.0423440304468070e-02   1.1616684520224364e-02   1.8922657213816954e-03   4.5009311164559695e-02   9.3566771422341002e-03
  1.7500000000000000e+00   8.5105690132441003e-01   9.0422206761150009e-02   1.1631622870496584e-02   1.9058450986431446e-03   4.4983423945310984e-02   9.3798298923512043e-03
  1.7600000000000000e+00   8.5105545921249381e-01   9.0420997533147959e-02   1.1646437412510965e-02   1.9195096573522980e-03   4.4957596184505795e-02   9.4031122552946291e-03
  1.7700000000000000e+00   8.5105397255229109e-01   9.0419811872489569e-02   1.1661128101681458e-02   1.9332598839743450e-03   4.4931827589574425e-02   9.4265248515389664e-03
  1.7800000000000000e+00   8.5105244192147267e-01   9.0418649051445574e-02   1.1675694891905774e-02   1.9470962668366348e-03   4.4906117868350318e-02   9.4500683024744108e-03
  1.7900000000000000e+00   8.5105086787727691e-01   9.0417508361966048e-02   1.1690137735575310e-02   1.9610192961245728e-03   4.4880466729068196e-02   9.4737432303800082e-03
  1.8000000000000000e+00   8.5104925095705386e-01   9.0416389115132237e-02   1.1704456583585222e-02   1.9750294638773164e-03   4.4854873880362432e-02   9.4975502583964245e-03
  1.8100000000000001e+00   8.5104759167879440e-01   9.0415290640623536e-02   1.1718651385344616e-02   1.9891272639832678e-03   4.4829339031265299e-02   9.5214900104982451e-03
  1.8200000000000001e+00   8.5104589054164426e-01   9.0414212286199364e-02   1.1732722088786861e-02   2.0033131921753655e-03   4.4803861891205381e-02   9.5455631114658105e-03
  1.8300000000000001e+00   8.5104414802640382e-01   9.0413153417195302e-02   1.1746668640380063e-02   2.0175877460261657e-03   4.4778442170005893e-02   9.5697701868565407e-03
  1.8400000000000001e+00   8.5104236459601457e-01   9.0412113416033238e-02   1.1760490985137654e-02   2.0319514249427188e-03   4.4753079577883145e-02   9.5941118629758147e-03
  1.8500000000000001e+00   8.5104054069603108e-01   9.0411091681745034e-02   1.1774189066629122e-02   2.0464047301612279e-03   4.4727773825445002e-02   9.6185887668473139e-03
  1.8600000000000001e+00   8.5103867675508038e-01   9.0410087629509486e-02   1.1787762826990898e-02   2.0609481647415025e-03   4.4702524623689358e-02   9.6432015261829068e-03
  1.8700000000000001e+00   8.5103677318530835e-01   9.0409100690201999e-02   1.1801212206937372e-02   2.0755822335611885e-03   4.4677331684002682e-02   9.6679507693520437e-03
  1.8799999999999999e+00   8.5103483038281424e-01   9.0408130309956841e-02   1.1814537145772070e-02   2.0903074433097834e-03   4.4652194718158594e-02   9.6928371253506042e-03
  1.8899999999999999e+00   8.5103284872807217e-01   9.0407175949741569e-02   1.1827737581398956e-02   2.1051243024824305e-03   4.4627113438316469e-02   9.7178612237692891e-03
  1.8999999999999999e+00   8.5103082858634116e-01   9.0406237084943011e-02   1.1840813450333922e-02   2.1200333213734885e-03   4.4602087557020088e-02   9.7430236947614809e-03
  1.9099999999999999e+00   8.5102877030806423e-01   9.0405313204965018e-02   1.1853764687716394e-02   2.1350350120698755e-03   4.4577116787196287e-02   9.7683251690105968e-03
  1.9199999999999999e+00   8.5102667422925560e-01   9.0404403812837181e-02   1.1866591227321116e-02   2.1501298884441878e-03   4.4552200842153764e-02   9.7937662776969147e-03
  1.9299999999999999e+00   8.5102454067187816e-01   9.0403508424834397e-02   1.1879293001570094e-02   2.1653184661475826e-03   4.4527339435581750e-02   9.8193476524639084e-03
  1.9399999999999999e+00   8.5102236994420888e-01   9.0402626570107114e-02   1.1891869941544682e-02   2.1806012626024371e-03   4.4502532281548865e-02   9.8450699253840226e-03
  1.9500000000000000e+00   8.5102016234119593e-01   9.0401757790321641e-02   1.1904321976997857e-02   2.1959787969947574e-03   4.4477779094501943e-02   9.8709337289239543e-03
  1.9600000000000000e+00   8.5101791814480365e-01   9.0400901639310527e-02   1.1916649036366633e-02   2.2114515902663680e-03   4.4453079589264921e-02   9.8969396959093757e-03
  1.9700000000000000e+00   8.5101563762435029e-01   9.0400057682732710e-02   1.1928851046784660e-02   2.2270201651068463e-03   4.4428433481037762e-02   9.9230884594891430e-03
  1.9800000000000000e+00   8.5101332103683391e-01   9.0399225497742833e-02   1.1940927934094981e-02   2.2426850459452189e-03   4.4403840485395397e-02   9.9493806530989454e-03
  1.9900000000000000e+00   8.5101096862725123e-01   9.0398404672669991e-02   1.1952879622862974e-02   2.2584467589414196e-03   4.4379300318286768e-02   9.9758169104244513e-03
  2.0000000000000000e+00   8.5100858062890639e-01   9.0397594806705214e-02   1.1964706036389458e-02   2.2743058319774868e-03   4.4354812696033842e-02   1.0002397865363850e-02
  2.0099999999999998e+00   8.5100615726371154e-01   9.0396795509597699e-02   1.1976407096723969e-02   2.2902627946485240e-03   4.4330377335330698e-02   1.0029124151989900e-02
  2.0200000000000000e+00   8.5100369874247883e-01   9.0396006401359377e-02   1.1987982724678232e-02   2.3063181782534007e-03   4.4305993953242674e-02   1.0055996404511399e-02
  2.0299999999999998e+00   8.5100120526520440e-01   9.0395227111977755e-02   1.1999432839839801e-02   2.3224725157851974e-03   4.4281662267205521e-02   1.0083015257234084e-02
  2.0400000000000000e+00   8.5099867702134424e-01   9.0394457281136681e-02   1.2010757360585881e-02   2.3387263419213994e-03   4.4257381995024617e-02   1.0110181344521008e-02
  2.0499999999999998e+00   8.5099611419008270e-01   9.0393696557944769e-02   1.2021956204097331e-02   2.3550801930138244e-03   4.4233152854874232e-02   1.0137495300752314e-02
  2.0600000000000001e+00   8.5099351694059344e-01   9.0392944600671460e-02   1.2033029286372874e-02   2.3715346070782928e-03   4.4208974565296835e-02   1.0164957760284475e-02
  2.0699999999999998e+00   8.5099088543229262e-01   9.0392201076490430e-02   1.2043976522243465e-02   2.3880901237840306e-03   4.4184846845202394e-02   1.0192569357408938e-02
  2.0800000000000001e+00   8.5098821981508566e-01   9.0391465661229894e-02   1.2054797825386876e-02   2.4047472844428057e-03   4.4160769413867811e-02   1.0220330726310204e-02
  2.0899999999999999e+00   8.5098552022960638e-01   9.0390738039130059e-02   1.2065493108342458e-02   2.4215066319977943e-03   4.4136741990936347e-02   1.0248242501023340e-02
  2.1000000000000001e+00   8.5098278680745043e-01   9.0390017902607228e-02   1.2076062282526105e-02   2.4383687110121799e-03   4.4112764296417049e-02   1.0276305315390893e-02
  2.1099999999999999e+00   8.5098001967140147e-01   9.0389304952024296e-02   1.2086505258245403e-02   2.4553340676574669e-03   4.4088836050684345e-02   1.0304519803019227e-02
  2.1200000000000001e+00   8.5097721893565115e-01   9.0388598895467867e-02   1.2096821944715000e-02   2.4724032497015335e-03   4.4064956974477536e-02   1.0332886597234289e-02
  2.1299999999999999e+00   8.5097438470601283e-01   9.0387899448531359e-02   1.2107012250072142e-02   2.4895768064963873e-03   4.4041126788900459e-02   1.0361406331036748e-02
  2.1400000000000001e+00   8.5097151708012997e-01   9.0387206334104117e-02   1.2117076081392456e-02   2.5068552889656558e-03   4.4017345215421090e-02   1.0390079637056565e-02
  2.1499999999999999e+00   8.5096861614767771e-01   9.0386519282166539e-02   1.2127013344705890e-02   2.5242392495917801e-03   4.3993611975871323e-02   1.0418907147506979e-02
  2.1600000000000001e+00   8.5096568199056022e-01   9.0385838029590618e-02   1.2136823945012892e-02   2.5417292424029306e-03   4.3969926792446656e-02   1.0447889494137851e-02
  2.1699999999999999e+00   8.5096271468310070e-01   9.0385162319946255e-02   1.2146507786300787e-02   2.5593258229596291e-03   4.3946289387706006e-02   1.0477027308188450e-02
  2.1800000000000002e+00   8.5095971429222761e-01   9.0384491903312839e-02   1.2156064771560360e-02   2.5770295483410811e-03   4.3922699484571552e-02   1.0506321220339598e-02
  2.1899999999999999e+00   8.5095668087765508e-01   9.0383826536095974e-02   1.2165494802802651e-02   2.5948409771312142e-03   4.3899156806328637e-02   1.0535771860665228e-02
  2.2000000000000002e+00   8.5095361449205797e-01   9.0383165980849459e-02   1.2174797781075978e-02   2.6127606694044216e-03   4.3875661076625654e-02   1.0565379858583305e-02
  2.2100000000000000e+00   8.5095051518124321e-01   9.0382510006101993e-02   1.2183973606483139e-02   2.6307891867110049e-03   4.3852212019474139e-02   1.0595145842806172e-02
  2.2200000000000002e+00   8.5094738298431483e-01   9.0381858386188882e-02   1.2193022178198877e-02   2.6489270920623175e-03   4.3828809359248697e-02   1.0625070441290227e-02
  2.2300000000000000e+00   8.5094421793383512e-01   9.0381210901088263e-02   1.2201943394487529e-02   2.6671749499156076e-03   4.3805452820687138e-02   1.0655154281185027e-02
  2.2400000000000002e+00   8.5094102005598160e-01   9.0380567336261916e-02   1.2210737152720917e-02   2.6855333261585467e-03   4.3782142128890630e-02   1.0685397988781726e-02
  2.2500000000000000e+00   8.5093778937069930e-01   9.0379927482500538e-02   1.2219403349396436e-02   2.7040027880934638e-03   4.3758877009323814e-02   1.0715802189460919e-02
  2.2599999999999998e+00   8.5093452589184859e-01   9.0379291135773240e-02   1.2227941880155394e-02   2.7225839044212573e-03   4.3735657187815108e-02   1.0746367507639855e-02
  2.2700000000000000e+00   8.5093122962734902e-01   9.0378658097081205e-02   1.2236352639801561e-02   2.7412772452250021e-03   4.3712482390556945e-02   1.0777094566718983e-02
