%  -- solution from NEOS Solver IPOPT

clear all ; close all ; clc ; format short ;

x = [0.0000000000000000e+00   5.9999999999999998e-01   2.0000000000000001e-01   1.0000000000000001e-01   1.0000000000000001e-01   4.9999984740414460e-01
  1.0000000000000000e-02   5.9883264563269611e-01   2.0024104337081455e-01   1.0198026936329807e-01   9.8946041633191123e-02   4.9999996675085429e-01
  2.0000000000000000e-02   5.9766812944115344e-01   2.0046599694119513e-01   1.0396137938439554e-01   9.7904494233255562e-02   4.9999996641848521e-01
  2.9999999999999999e-02   5.9650651738733662e-01   2.0067512090944989e-01   1.0594314174356578e-01   9.6875219959647263e-02   4.9999996608221486e-01
  4.0000000000000001e-02   5.9534787381559384e-01   2.0086867279983070e-01   1.0792537131782111e-01   9.5858082066753864e-02   4.9999996574199312e-01
  5.0000000000000003e-02   5.9419226125537739e-01   2.0104690768298425e-01   1.0990788615289496e-01   9.4852944908742992e-02   4.9999996539776903e-01
  5.9999999999999998e-02   5.9303974044958030e-01   2.0121007817037304e-01   1.1189050743602755e-01   9.3859673944018659e-02   4.9999996504949074e-01
  7.0000000000000007e-02   5.9189037038271941e-01   2.0135843440965084e-01   1.1387305946844190e-01   9.2878135739187392e-02   4.9999996469710539e-01
  8.0000000000000002e-02   5.9074420830895291e-01   2.0149222408096670e-01   1.1585536963753178e-01   9.1908197972548011e-02   4.9999996434055921e-01
  8.9999999999999997e-02   5.8960130977992709e-01   2.0161169239417159e-01   1.1783726838878256e-01   9.0949729437118057e-02   4.9999996397979740e-01
  1.0000000000000001e-01   5.8846172867244062e-01   2.0171708208690234e-01   1.1981858919744541e-01   9.0002600043210826e-02   4.9999996361476429e-01
  1.1000000000000000e-01   5.8732551721592186e-01   2.0180863342351738e-01   1.2179916853998450e-01   8.9066680820575436e-02   4.9999996324540302e-01
  1.2000000000000000e-01   5.8619272601970906e-01   2.0188658419486014e-01   1.2377884586531658e-01   8.8141843920113386e-02   4.9999996287165577e-01
  1.3000000000000000e-01   5.8506340410012858e-01   2.0195116971882507e-01   1.2575746356586179e-01   8.7227962615183618e-02   4.9999996249346368e-01
  1.4000000000000001e-01   5.8393759890736363e-01   2.0200262284170273e-01   1.2773486694842345e-01   8.6324911302509286e-02   4.9999996211076669e-01
  1.4999999999999999e-01   5.8281535635210635e-01   2.0204117394027990e-01   1.2971090420491505e-01   8.5432565502697747e-02   4.9999996172350375e-01
  1.6000000000000000e-01   5.8169672083199020e-01   2.0206705092467167e-01   1.3168542638295086e-01   8.4550801860386299e-02   4.9999996133161256e-01
  1.7000000000000001e-01   5.8058173525779377e-01   2.0208047924186245e-01   1.3365828735631760e-01   8.3679498144025186e-02   4.9999996093502969e-01
  1.7999999999999999e-01   5.7947044107941359e-01   2.0208168187993339e-01   1.3562934379534231e-01   8.2818533245309578e-02   4.9999996053369056e-01
  1.9000000000000000e-01   5.7836287831160038e-01   2.0207087937295384e-01   1.3759845513717267e-01   8.1967787178271953e-02   4.9999996012752934e-01
  2.0000000000000001e-01   5.7725908555945249e-01   2.0204828980651543e-01   1.3956548355598480e-01   8.1127141078045958e-02   4.9999995971647893e-01
  2.0999999999999999e-01   5.7615910004366644e-01   2.0201412882388708e-01   1.4153029393313252e-01   8.0296477199312669e-02   4.9999995930047098e-01
  2.2000000000000000e-01   5.7506295762553572e-01   2.0196860963276958e-01   1.4349275382725318e-01   7.9475678914440129e-02   4.9999995887943577e-01
  2.3000000000000001e-01   5.7397069283169877e-01   2.0191194301263016e-01   1.4545273344434304e-01   7.8664630711326608e-02   4.9999995845330236e-01
  2.3999999999999999e-01   5.7288233887863016e-01   2.0184433732259527e-01   1.4741010560781523e-01   7.7863218190957845e-02   4.9999995802199831e-01
  2.5000000000000000e-01   5.7179792769687321e-01   2.0176599850988300e-01   1.4936474572855382e-01   7.7071328064688527e-02   4.9999995758544991e-01
  2.6000000000000001e-01   5.7071748995501037e-01   2.0167713011875457e-01   1.5131653177497570e-01   7.6288848151257749e-02   4.9999995714358192e-01
  2.7000000000000002e-01   5.6964105508337093e-01   2.0157793329996690e-01   1.5326534424311219e-01   7.5515667373548367e-02   4.9999995669631769e-01
  2.8000000000000003e-01   5.6856865129747081e-01   2.0146860682070603e-01   1.5521106612672209e-01   7.4751675755099362e-02   4.9999995624357896e-01
  2.8999999999999998e-01   5.6750030562118581e-01   2.0134934707498450e-01   1.5715358288744699e-01   7.3996764416380895e-02   4.9999995578528605e-01
  2.9999999999999999e-01   5.6643604390965385e-01   2.0122034809448358e-01   1.5909278242501970e-01   7.3250825570840963e-02   4.9999995532135771e-01
  3.1000000000000000e-01   5.6537589087190676e-01   2.0108180155982325e-01   1.6102855504753566e-01   7.2513752520732416e-02   4.9999995485171100e-01
  3.2000000000000001e-01   5.6431987009322881e-01   2.0093389681224236e-01   1.6296079344179756e-01   7.1785439652729280e-02   4.9999995437626138e-01
  3.3000000000000002e-01   5.6326800405724242e-01   2.0077682086567253e-01   1.6488939264374247e-01   7.1065782433340607e-02   4.9999995389492252e-01
  3.4000000000000002e-01   5.6222031416771845e-01   2.0061075841918855e-01   1.6681425000896064e-01   7.0354677404130317e-02   4.9999995340760650e-01
  3.4999999999999998e-01   5.6117682077011233e-01   2.0043589186981983e-01   1.6873526518331450e-01   6.9652022176751094e-02   4.9999995291422356e-01
  3.5999999999999999e-01   5.6013754317282427e-01   2.0025240132570671e-01   1.7065234007366648e-01   6.8957715427800229e-02   4.9999995241468204e-01
  3.7000000000000000e-01   5.5910249966818304e-01   2.0006046461958585e-01   1.7256537881872375e-01   6.8271656893505006e-02   4.9999995190888857e-01
  3.8000000000000000e-01   5.5807170755315449e-01   1.9986025732259038e-01   1.7447428776000717e-01   6.7593747364245421e-02   4.9999995139674769e-01
  3.9000000000000001e-01   5.5704518314977414e-01   1.9965195275834963e-01   1.7637897541295222e-01   6.6923888678921378e-02   4.9999995087816218e-01
  4.0000000000000002e-01   5.5602294182530354e-01   1.9943572201737350e-01   1.7827935243814871e-01   6.6261983719171580e-02   4.9999995035303257e-01
  4.0999999999999998e-01   5.5500499801211112e-01   1.9921173397170858e-01   1.8017533161272625e-01   6.5607936403451222e-02   4.9999994982125756e-01
  4.1999999999999998e-01   5.5399136522727932e-01   1.9898015528985122e-01   1.8206682780189154e-01   6.4961651680975008e-02   4.9999994928273350e-01
  4.2999999999999999e-01   5.5298205609193596e-01   1.9874115045190463e-01   1.8395375793062396e-01   6.4323035525532424e-02   4.9999994873735482e-01
  4.4000000000000000e-01   5.5197708235031306e-01   1.9849488176496705e-01   1.8583604095553516e-01   6.3691994929181775e-02   4.9999994818501353e-01
  4.5000000000000001e-01   5.5097645488853253e-01   1.9824150937873775e-01   1.8771359783689787e-01   6.3068437895828805e-02   4.9999994762559941e-01
  4.6000000000000002e-01   5.4998018375312074e-01   1.9798119130132910e-01   1.8958635151085024e-01   6.2452273434696698e-02   4.9999994705899997e-01
  4.6999999999999997e-01   5.4898827816925277e-01   1.9771408341527208e-01   1.9145422686177915e-01   6.1843411553692912e-02   4.9999994648510021e-01
  4.7999999999999998e-01   5.4800074655872566e-01   1.9744033949370357e-01   1.9331715069488861e-01   6.1241763252678896e-02   4.9999994590378266e-01
  4.8999999999999999e-01   5.4701759655766702e-01   1.9716011121672414e-01   1.9517505170895724e-01   6.0647240516648326e-02   4.9999994531492742e-01
  5.0000000000000000e-01   5.4603883503397344e-01   1.9687354818791503e-01   1.9702786046928880e-01   6.0059756308819275e-02   4.9999994471841186e-01
  5.1000000000000001e-01   5.4506446810448717e-01   1.9658079795100314e-01   1.9887550938086035e-01   5.9479224563645766e-02   4.9999994411411075e-01
  5.2000000000000002e-01   5.4409450115190727e-01   1.9628200600666423e-01   2.0071793266167121e-01   5.8905560179753791e-02   4.9999994350189614e-01
  5.3000000000000003e-01   5.4312893884143965e-01   1.9597731582945296e-01   2.0255506631629688e-01   5.8338679012806934e-02   4.9999994288163718e-01
  5.4000000000000004e-01   5.4216778513718844e-01   1.9566686888485074e-01   2.0438684810965083e-01   5.7778497868306467e-02   4.9999994225320016e-01
  5.5000000000000004e-01   5.4121104331828718e-01   1.9535080464642121e-01   2.0621321754095728e-01   5.7224934494330665e-02   4.9999994161644834e-01
  5.6000000000000005e-01   5.4025871599477626e-01   1.9502926061306375e-01   2.0803411581793832e-01   5.6677907574218013e-02   4.9999994097124206e-01
  5.6999999999999995e-01   5.3931080512322405e-01   1.9470237232635618e-01   2.0984948583121740e-01   5.6137336719198676e-02   4.9999994031743838e-01
  5.7999999999999996e-01   5.3836731202209742e-01   1.9437027338797766e-01   2.1165927212894245e-01   5.5603142460978770e-02   4.9999993965489115e-01
  5.8999999999999997e-01   5.3742823738688161e-01   1.9403309547720290e-01   2.1346342089163020e-01   5.5075246244281451e-02   4.9999993898345096e-01
  5.9999999999999998e-01   5.3649358130495273e-01   1.9369096836845962e-01   2.1526187990723472e-01   5.4553570419349044e-02   4.9999993830296485e-01
  6.0999999999999999e-01   5.3556334327020394e-01   1.9334401994894071e-01   2.1705459854644130e-01   5.4038038234410175e-02   4.9999993761327649e-01
  6.2000000000000000e-01   5.3463752219742866e-01   1.9299237623626372e-01   2.1884152773818794e-01   5.3528573828115641e-02   4.9999993691422590e-01
  6.3000000000000000e-01   5.3371611643646344e-01   1.9263616139616963e-01   2.2062261994541613e-01   5.3025102221946833e-02   4.9999993620564925e-01
  6.4000000000000001e-01   5.3279912378609007e-01   1.9227549776025352e-01   2.2239782914105208e-01   5.2527549312600355e-02   4.9999993548737903e-01
  6.5000000000000002e-01   5.3188654150770354e-01   1.9191050584372008e-01   2.2416711078422016e-01   5.2035841864352145e-02   4.9999993475924376e-01
  6.6000000000000003e-01   5.3097836633874496e-01   1.9154130436315711e-01   2.2593042179668915e-01   5.1549907501404722e-02   4.9999993402106779e-01
  6.7000000000000004e-01   5.3007459450590233e-01   1.9116801025432004e-01   2.2768772053955297e-01   5.1069674700220530e-02   4.9999993327267150e-01
  6.8000000000000005e-01   5.2917522173808373e-01   1.9079073868992091e-01   2.2943896679014636e-01   5.0595072781844837e-02   4.9999993251387082e-01
  6.8999999999999995e-01   5.2828024327916256e-01   1.9040960309741606e-01   2.3118412171919622e-01   5.0126031904220991e-02   4.9999993174447721e-01
  6.9999999999999996e-01   5.2738965390049952e-01   1.9002471517678565e-01   2.3292314786820958e-01   4.9662483054501078e-02   4.9999993096429768e-01
  7.0999999999999996e-01   5.2650344791324255e-01   1.8963618491829989e-01   2.3465600912709852e-01   4.9204358041354868e-02   4.9999993017313449e-01
  7.1999999999999997e-01   5.2562161918040817e-01   1.8924412062026583e-01   2.3638267071204225e-01   4.8751589487279673e-02   4.9999992937078508e-01
  7.2999999999999998e-01   5.2474416112874556e-01   1.8884862890674933e-01   2.3810309914358702e-01   4.8304110820913911e-02   4.9999992855704195e-01
  7.3999999999999999e-01   5.2387106676038830e-01   1.8844981474526717e-01   2.3981726222498351e-01   4.7861856269356753e-02   4.9999992773169227e-01
  7.5000000000000000e-01   5.2300232866429308e-01   1.8804778146444395e-01   2.4152512902076217e-01   4.7424760850496454e-02   4.9999992689451805e-01
  7.6000000000000001e-01   5.2213793902747063e-01   1.8764263077162868e-01   2.4322666983554647e-01   4.6992760365349717e-02   4.9999992604529586e-01
  7.7000000000000002e-01   5.2127788964601085e-01   1.8723446277046715e-01   2.4492185619310319e-01   4.6565791390414293e-02   4.9999992518379660e-01
  7.8000000000000003e-01   5.2042217193590334e-01   1.8682337597842452e-01   2.4661066081563060e-01   4.6143791270037052e-02   4.9999992430978518e-01
  7.9000000000000004e-01   5.1957077694365783e-01   1.8640946734425440e-01   2.4829305760328338e-01   4.5726698108799743e-02   4.9999992342302080e-01
  8.0000000000000004e-01   5.1872369535672691e-01   1.8599283226541008e-01   2.4996902161393394e-01   4.5314450763924222e-02   4.9999992252325626e-01
  8.1000000000000005e-01   5.1788091751373178e-01   1.8557356460539387e-01   2.5163852904317019e-01   4.4906988837699405e-02   4.9999992161023799e-01
  8.1999999999999995e-01   5.1704243341449507e-01   1.8515175671104028e-01   2.5330155720452818e-01   4.4504252669931577e-02   4.9999992068370586e-01
  8.2999999999999996e-01   5.1620823272988470e-01   1.8472749942973016e-01   2.5495808450996027e-01   4.4106183330419935e-02   4.9999991974339292e-01
  8.3999999999999997e-01   5.1537830481146807e-01   1.8430088212653137e-01   2.5660809045053623e-01   4.3712722611459219e-02   4.9999991878902517e-01
  8.4999999999999998e-01   5.1455263870098245e-01   1.8387199270126309e-01   2.5825155557737856e-01   4.3323813020370805e-02   4.9999991782032127e-01
  8.5999999999999999e-01   5.1373122313962094e-01   1.8344091760548009e-01   2.5988846148282968e-01   4.2939397772064090e-02   4.9999991683699252e-01
  8.7000000000000000e-01   5.1291404657714046e-01   1.8300774185937443e-01   2.6151879078185031e-01   4.2559420781629574e-02   4.9999991583874226e-01
  8.8000000000000000e-01   5.1210109718079044e-01   1.8257254906859088e-01   2.6314252709364816e-01   4.2183826656965143e-02   4.9999991482526596e-01
  8.9000000000000001e-01   5.1129236284406732e-01   1.8213542144095360e-01   2.6475965502353671e-01   4.1812560691436844e-02   4.9999991379625064e-01
  9.0000000000000002e-01   5.1048783119529673e-01   1.8169643980310143e-01   2.6637016014502063e-01   4.1445568856575542e-02   4.9999991275137490e-01
  9.1000000000000003e-01   5.0968748960604515e-01   1.8125568361702885e-01   2.6797402898210959e-01   4.1082797794810756e-02   4.9999991169030833e-01
  9.2000000000000004e-01   5.0889132519936442e-01   1.8081323099653038e-01   2.6957124899185669e-01   4.0724194812242806e-02   4.9999991061271137e-01
  9.3000000000000005e-01   5.0809932485787190e-01   1.8036915872354603e-01   2.7116180854712196e-01   4.0369707871454372e-02   4.9999990951823498e-01
  9.3999999999999995e-01   5.0731147523166731e-01   1.7992354226440552e-01   2.7274569691955869e-01   4.0019285584362727e-02   4.9999990840652020e-01
  9.4999999999999996e-01   5.0652776274609024e-01   1.7947645578596894e-01   2.7432290426282141e-01   3.9672877205113498e-02   4.9999990727719795e-01
  9.5999999999999996e-01   5.0574817360932001e-01   1.7902797217166250e-01   2.7589342159599434e-01   3.9330432623017011e-02   4.9999990612988854e-01
  9.6999999999999997e-01   5.0497269381982057e-01   1.7857816303740645e-01   2.7745724078723871e-01   3.8991902355528144e-02   4.9999990496420138e-01
  9.7999999999999998e-01   5.0420130917363204e-01   1.7812709874743429e-01   2.7901435453765677e-01   3.8657237541270588e-02   4.9999990377973458e-01
  9.8999999999999999e-01   5.0343400527151327e-01   1.7767484843000117e-01   2.8056475636537298e-01   3.8326389933106317e-02   4.9999990257607441e-01
  1.0000000000000000e+00   5.0267076752593520e-01   1.7722147999297969e-01   2.8210844058982776e-01   3.7999311891251032e-02   4.9999990135279510e-01
  1.0100000000000000e+00   5.0191158116792967e-01   1.7676706013934204e-01   2.8364540231628538e-01   3.7675956376436386e-02   4.9999990010945811e-01
  1.0200000000000000e+00   5.0115643125379494e-01   1.7631165438252669e-01   2.8517563742055219e-01   3.7356276943119590e-02   4.9999989884561191e-01
  1.0300000000000000e+00   5.0040530267165939e-01   1.7585532706168880e-01   2.8669914253390411e-01   3.7040227732741182e-02   4.9999989756079133e-01
  1.0400000000000000e+00   4.9965818014790730e-01   1.7539814135683221e-01   2.8821591502822252e-01   3.6727763467031382e-02   4.9999989625451718e-01
  1.0500000000000000e+00   4.9891504825346922e-01   1.7494015930382292e-01   2.8972595300133530e-01   3.6418839441365841e-02   4.9999989492629554e-01
  1.0600000000000001e+00   4.9817589140997637e-01   1.7448144180928252e-01   2.9122925526256332e-01   3.6113411518171046e-02   4.9999989357561736e-01
  1.0700000000000001e+00   4.9744069389578466e-01   1.7402204866536020e-01   2.9272582131846819e-01   3.5811436120380090e-02   4.9999989220195779e-01
  1.0800000000000001e+00   4.9670943985186838e-01   1.7356203856438324e-01   2.9421565135880212e-01   3.5512870224939236e-02   4.9999989080477558e-01
  1.0900000000000001e+00   4.9598211328758668e-01   1.7310146911338459e-01   2.9569874624265613e-01   3.5217671356365485e-02   4.9999988938351242e-01
  1.1000000000000001e+00   4.9525869808632456e-01   1.7264039684850682e-01   2.9717510748480552e-01   3.4925797580355869e-02   4.9999988793759231e-01
  1.1100000000000001e+00   4.9453917801101066e-01   1.7217887724928224e-01   2.9864473724225132e-01   3.4637207497448488e-02   4.9999988646642080e-01
  1.1200000000000001e+00   4.9382353670951418e-01   1.7171696475278772e-01   3.0010763830095488e-01   3.4351860236735900e-02   4.9999988496938436e-01
  1.1299999999999999e+00   4.9311175771992249e-01   1.7125471276767465e-01   3.0156381406276445e-01   3.4069715449630944e-02   4.9999988344584934e-01
  1.1399999999999999e+00   4.9240382447570219e-01   1.7079217368807270e-01   3.0301326853253224e-01   3.3790733303685365e-02   4.9999988189516159e-01
  1.1499999999999999e+00   4.9169972031074444e-01   1.7032939890736751e-01   3.0445600630541897e-01   3.3514874476461412e-02   4.9999988031664511e-01
  1.1599999999999999e+00   4.9099942846429850e-01   1.6986643883185182e-01   3.0589203255438518e-01   3.3242100149456680e-02   4.9999987870960155e-01
  1.1699999999999999e+00   4.9030293208579351e-01   1.6940334289424958e-01   3.0732135301786673e-01   3.2972372002082299e-02   4.9999987707330906e-01
  1.1799999999999999e+00   4.8961021423955137e-01   1.6894015956711286e-01   3.0874397398763320e-01   3.2705652205694644e-02   4.9999987540702129e-01
  1.1899999999999999e+00   4.8892125790939289e-01   1.6847693637609162e-01   3.1015990229682672e-01   3.2441903417680766e-02   4.9999987370996646e-01
  1.2000000000000000e+00   4.8823604600313858e-01   1.6801371991307584e-01   3.1156914530818003e-01   3.2181088775597479e-02   4.9999987198134627e-01
  1.2100000000000000e+00   4.8755456135700620e-01   1.6755055584921014e-01   3.1297171090241122e-01   3.1923171891364330e-02   4.9999987022033460e-01
  1.2200000000000000e+00   4.8687678673990720e-01   1.6708748894778067e-01   3.1436760746679349e-01   3.1668116845510470e-02   4.9999986842607641e-01
  1.2300000000000000e+00   4.8620270485764278e-01   1.6662456307697482e-01   3.1575684388389885e-01   3.1415888181475345e-02   4.9999986659768647e-01
  1.2400000000000000e+00   4.8553229835700340e-01   1.6616182122251286e-01   3.1713942952051205e-01   3.1166450899963449e-02   4.9999986473424796e-01
  1.2500000000000000e+00   4.8486554982977131e-01   1.6569930550015236e-01   3.1851537421671527e-01   3.0919770453352879e-02   4.9999986283481113e-01
  1.2600000000000000e+00   4.8420244181662914e-01   1.6523705716806550e-01   3.1988468827513933e-01   3.0675812740157810e-02   4.9999986089839166e-01
  1.2700000000000000e+00   4.8354295681097625e-01   1.6477511663908900e-01   3.2124738245038165e-01   3.0434544099544821e-02   4.9999985892396925e-01
  1.2800000000000000e+00   4.8288707726265434e-01   1.6431352349284736e-01   3.2260346793858696e-01   3.0195931305902968e-02   4.9999985691048593e-01
  1.2900000000000000e+00   4.8223478558158339e-01   1.6385231648774926e-01   3.2395295636719140e-01   2.9959941563467565e-02   4.9999985485684423e-01
  1.3000000000000000e+00   4.8158606414131078e-01   1.6339153357285777e-01   3.2529585978482545e-01   2.9726542500997537e-02   4.9999985276190523e-01
  1.3100000000000001e+00   4.8094089528247463e-01   1.6293121189963450e-01   3.2663219065137605e-01   2.9495702166506266e-02   4.9999985062448687e-01
  1.3200000000000001e+00   4.8029926131618245e-01   1.6247138783355819e-01   3.2796196182820508e-01   2.9267389022045745e-02   4.9999984844336171e-01
  1.3300000000000001e+00   4.7966114452730751e-01   1.6201209696561791e-01   3.2928518656852207e-01   2.9041571938543956e-02   4.9999984621725480e-01
  1.3400000000000001e+00   4.7902652717770444e-01   1.6155337412368156e-01   3.3060187850791012e-01   2.8818220190695267e-02   4.9999984394484115e-01
  1.3500000000000001e+00   4.7839539150934501e-01   1.6109525338373987e-01   3.3191205165500270e-01   2.8597303451903686e-02   4.9999984162474365e-01
  1.3600000000000001e+00   4.7776771974737620e-01   1.6063776808102667e-01   3.3321572038230957e-01   2.8378791789278806e-02   4.9999983925553015e-01
  1.3700000000000001e+00   4.7714349410310147e-01   1.6018095082101569e-01   3.3451289941718992e-01   2.8162655658684220e-02   4.9999983683571070e-01
  1.3799999999999999e+00   4.7652269677688724e-01   1.5972483349029457e-01   3.3580360383297131e-01   2.7948865899838186e-02   4.9999983436373496e-01
  1.3899999999999999e+00   4.7590530996099617e-01   1.5926944726731648e-01   3.3708784904021233e-01   2.7737393731466345e-02   4.9999983183798857e-01
  1.3999999999999999e+00   4.7529131584234768e-01   1.5881482263303032e-01   3.3836565077810699e-01   2.7528210746506236e-02   4.9999982925679037e-01
  1.4099999999999999e+00   4.7468069660520845e-01   1.5836098938138948e-01   3.3963702510602978e-01   2.7321288907363437e-02   4.9999982661838843e-01
  1.4199999999999999e+00   4.7407343443381300e-01   1.5790797662974040e-01   3.4090198839521885e-01   2.7116600541218911e-02   4.9999982392095665e-01
  1.4299999999999999e+00   4.7346951151491651e-01   1.5745581282909124e-01   3.4216055732059580e-01   2.6914118335387493e-02   4.9999982116259056e-01
  1.4399999999999999e+00   4.7286891004028142e-01   1.5700452577426149e-01   3.4341274885272094e-01   2.6713815332727129e-02   4.9999981834130325e-01
  1.4500000000000000e+00   4.7227161220909813e-01   1.5655414261391296e-01   3.4465858024988133e-01   2.6515664927098604e-02   4.9999981545502076e-01
  1.4600000000000000e+00   4.7167760023034194e-01   1.5610468986046322e-01   3.4589806905031034e-01   2.6319640858875504e-02   4.9999981250157721e-01
  1.4700000000000000e+00   4.7108685632506730e-01   1.5565619339988193e-01   3.4713123306453758e-01   2.6125717210504069e-02   4.9999980947870987e-01
  1.4800000000000000e+00   4.7049936272864085e-01   1.5520867850137079e-01   3.4835809036786658e-01   2.5933868402112672e-02   4.9999980638405345e-01
  1.4900000000000000e+00   4.6991510169291345e-01   1.5476216982692820e-01   3.4957865929297860e-01   2.5744069187170628e-02   4.9999980321513432e-01
  1.5000000000000000e+00   4.6933405548833385e-01   1.5431669144079890e-01   3.5079295842266206e-01   2.5556294648195938e-02   4.9999979996936439e-01
  1.5100000000000000e+00   4.6875620640600452e-01   1.5387226681880986e-01   3.5200100658266464e-01   2.5370520192511768e-02   4.9999979664403410e-01
  1.5200000000000000e+00   4.6818153675968022e-01   1.5342891885759263e-01   3.5320282283466670e-01   2.5186721548051197e-02   4.9999979323630561e-01
  1.5300000000000000e+00   4.6761002888771169e-01   1.5298666988369380e-01   3.5439842646937519e-01   2.5004874759210021e-02   4.9999978974320464e-01
  1.5400000000000000e+00   4.6704166515493467e-01   1.5254554166257342e-01   3.5558783699973529e-01   2.4824956182747233e-02   4.9999978616161267e-01
  1.5500000000000000e+00   4.6647642795450567e-01   1.5210555540749290e-01   3.5677107415425929e-01   2.4646942483732771e-02   4.9999978248825777e-01
  1.5600000000000001e+00   4.6591429970968551e-01   1.5166673178829299e-01   3.5794815787046980e-01   2.4470810631542311e-02   4.9999977871970525e-01
  1.5700000000000001e+00   4.6535526287557188e-01   1.5122909094006262e-01   3.5911910828845739e-01   2.4296537895898640e-02   4.9999977485234715e-01
  1.5800000000000001e+00   4.6479929994078195e-01   1.5079265247169965e-01   3.6028394574454964e-01   2.4124101842959347e-02   4.9999977088239156e-01
  1.5900000000000001e+00   4.6424639342908536e-01   1.5035743547436400e-01   3.6144269076509083e-01   2.3953480331450380e-02   4.9999976680585045e-01
  1.6000000000000001e+00   4.6369652590099003e-01   1.4992345852982464e-01   3.6259536406033060e-01   2.3784651508845185e-02   4.9999976261852697e-01
  1.6100000000000001e+00   4.6314967995528084e-01   1.4949073971870067e-01   3.6374198651841994e-01   2.3617593807589030e-02   4.9999975831600152e-01
  1.6200000000000001e+00   4.6260583823051149e-01   1.4905929662859779e-01   3.6488257919951300e-01   2.3452285941368143e-02   4.9999975389361684e-01
  1.6299999999999999e+00   4.6206498340645241e-01   1.4862914636214106e-01   3.6601716332997364e-01   2.3288706901423296e-02   4.9999974934646196e-01
  1.6399999999999999e+00   4.6152709820549404e-01   1.4820030554490429e-01   3.6714576029668461e-01   2.3126835952907487e-02   4.9999974466935443e-01
  1.6499999999999999e+00   4.6099216539400673e-01   1.4777279033323787e-01   3.6826839164145847e-01   2.2966652631287301e-02   4.9999973985682145e-01
  1.6599999999999999e+00   4.6046016778365906e-01   1.4734661642199506e-01   3.6938507905554863e-01   2.2808136738787600e-02   4.9999973490307920e-01
  1.6699999999999999e+00   4.5993108823269402e-01   1.4692179905215827e-01   3.7049584437425875e-01   2.2651268340879185e-02   4.9999972980201068e-01
  1.6799999999999999e+00   4.5940490964716568e-01   1.4649835301836567e-01   3.7160070957164987e-01   2.2496027762809016e-02   4.9999972454714103e-01
  1.6899999999999999e+00   4.5888161498213514e-01   1.4607629267633973e-01   3.7269969675534270e-01   2.2342395586172598e-02   4.9999971913161106e-01
  1.7000000000000000e+00   4.5836118724282870e-01   1.4565563195021797e-01   3.7379282816141518e-01   2.2190352645528200e-02   4.9999971354814865e-01
  1.7100000000000000e+00   4.5784360948575770e-01   1.4523638433978725e-01   3.7488012614939259e-01   2.2039880025052531e-02   4.9999970778903674e-01
  1.7200000000000000e+00   4.5732886481980112e-01   1.4481856292762194e-01   3.7596161319732957e-01   2.1890959055237372e-02   4.9999970184607906e-01
  1.7300000000000000e+00   4.5681693640725218e-01   1.4440218038612804e-01   3.7703731189698275e-01   2.1743571309626949e-02   4.9999969571056235e-01
  1.7400000000000000e+00   4.5630780746482935e-01   1.4398724898449272e-01   3.7810724494907222e-01   2.1597698601595557e-02   4.9999968937321498e-01
  1.7500000000000000e+00   4.5580146126465254e-01   1.4357378059554124e-01   3.7917143515863100e-01   2.1453322981165059e-02   4.9999968282416130e-01
  1.7600000000000000e+00   4.5529788113518532e-01   1.4316178670250168e-01   3.8022990543044088e-01   2.1310426731861915e-02   4.9999967605287188e-01
  1.7700000000000000e+00   4.5479705046214403e-01   1.4275127840567875e-01   3.8128267876455374e-01   2.1168992367613316e-02   4.9999966904810850e-01
  1.7800000000000000e+00   4.5429895268937426e-01   1.4234226642903716e-01   3.8232977825189629e-01   2.1029002629682082e-02   4.9999966179786337e-01
  1.7900000000000000e+00   4.5380357131969540e-01   1.4193476112669584e-01   3.8337122706995858e-01   2.0890440483639923e-02   4.9999965428929227e-01
  1.8000000000000000e+00   4.5331088991571472e-01   1.4152877248933374e-01   3.8440704847856261e-01   2.0753289116378630e-02   4.9999964650864032e-01
  1.8100000000000001e+00   4.5282089210061011e-01   1.4112431015050800e-01   3.8543726581571269e-01   2.0617531933158916e-02   4.9999963844115997e-01
  1.8200000000000001e+00   4.5233356155888366e-01   1.4072138339288598e-01   3.8646190249352363e-01   2.0483152554696439e-02   4.9999963007101972e-01
  1.8300000000000001e+00   4.5184888203708606e-01   1.4032000115439125e-01   3.8748098199422770e-01   2.0350134814284666e-02   4.9999962138120285e-01
  1.8400000000000001e+00   4.5136683734451277e-01   1.3992017203426504e-01   3.8849452786625760e-01   2.0218462754954203e-02   4.9999961235339413e-01
  1.8500000000000001e+00   4.5088741135387167e-01   1.3952190429904388e-01   3.8950256372040593e-01   2.0088120626668184e-02   4.9999960296785401e-01
  1.8600000000000001e+00   4.5041058800192424e-01   1.3912520588845420e-01   3.9050511322605785e-01   1.9959092883553371e-02   4.9999959320327686e-01
  1.8700000000000001e+00   4.4993635129009973e-01   1.3873008442122525e-01   3.9150220010749803e-01   1.9831364181166582e-02   4.9999958303663322e-01
  1.8799999999999999e+00   4.4946468528508354e-01   1.3833654720082053e-01   3.9249384814028943e-01   1.9704919373796065e-02   4.9999957244299131e-01
  1.8899999999999999e+00   4.4899557411937985e-01   1.3794460122108931e-01   3.9348008114772293e-01   1.9579743511797455e-02   4.9999956139531693e-01
  1.8999999999999999e+00   4.4852900199184970e-01   1.3755425317183881e-01   3.9446092299733709e-01   1.9455821838963938e-02   4.9999954986424666e-01
  1.9099999999999999e+00   4.4806495316822403e-01   1.3716550944432804e-01   3.9543639759750715e-01   1.9333139789930245e-02   4.9999953781783213e-01
  1.9199999999999999e+00   4.4760341198159409e-01   1.3677837613668417e-01   3.9640652889410100e-01   1.9211682987610154e-02   4.9999952522124858e-01
  1.9299999999999999e+00   4.4714436283287712e-01   1.3639285905924228e-01   3.9737134086720294e-01   1.9091437240667045e-02   4.9999951203646414e-01
  1.9399999999999999e+00   4.4668779019125998e-01   1.3600896373980964e-01   3.9833085752790237e-01   1.8972388541017262e-02   4.9999949822186185e-01
  1.9500000000000000e+00   4.4623367859462049e-01   1.3562669542885514e-01   3.9928510291514785e-01   1.8854523061365782e-02   4.9999948373180708e-01
  1.9600000000000000e+00   4.4578201264992584e-01   1.3524605910462495e-01   4.0023410109266450e-01   1.8737827152773997e-02   4.9999946851615074e-01
  1.9700000000000000e+00   4.4533277703361096e-01   1.3486705947818536e-01   4.0117787614593386e-01   1.8622287342259063e-02   4.9999945251965694e-01
  1.9800000000000000e+00   4.4488595649193430e-01   1.3448970099839375e-01   4.0211645217923647e-01   1.8507890330424659e-02   4.9999943568134142e-01
  1.9900000000000000e+00   4.4444153584131402e-01   1.3411398785679832e-01   4.0304985331275417e-01   1.8394622989122627e-02   4.9999941793370367e-01
  2.0000000000000000e+00   4.4399949996864274e-01   1.3373992399246815e-01   4.0397810367973291e-01   1.8282472359145260e-02   4.9999939920183267e-01
  2.0099999999999998e+00   4.4355983383158298e-01   1.3336751309675399e-01   4.0490122742370416e-01   1.8171425647947843e-02   4.9999937940236161e-01
  2.0200000000000000e+00   4.4312252245884221e-01   1.3299675861798121e-01   4.0581924869576447e-01   1.8061470227401080e-02   4.9999935844224014e-01
  2.0299999999999998e+00   4.4268755095042839e-01   1.3262766376607557e-01   4.0673219165191182e-01   1.7952593631573151e-02   4.9999933621728593e-01
  2.0400000000000000e+00   4.4225490447788607e-01   1.3226023151712335e-01   4.0764008045043842e-01   1.7844783554540940e-02   4.9999931261046948e-01
  2.0499999999999998e+00   4.4182456828451305e-01   1.3189446461786658e-01   4.0854293924937896e-01   1.7738027848230187e-02   4.9999928748987016e-01
  2.0600000000000001e+00   4.4139652768555704e-01   1.3153036559013487e-01   4.0944079220401269e-01   1.7632314520284208e-02   4.9999926070623030e-01
  2.0699999999999998e+00   4.4097076806839342e-01   1.3116793673521496e-01   4.1033366346441952e-01   1.7527631731960789e-02   4.9999923209001046e-01
  2.0800000000000001e+00   4.4054727489268281e-01   1.3080718013815962e-01   4.1122157717308905e-01   1.7423967796057049e-02   4.9999920144782312e-01
  2.0899999999999999e+00   4.4012603369050829e-01   1.3044809767203716e-01   4.1210455746258118e-01   1.7321311174861836e-02   4.9999916855808679e-01
  2.1000000000000001e+00   4.3970703006649126e-01   1.3009069100212386e-01   4.1298262845323785e-01   1.7219650478135357e-02   4.9999913316569355e-01
  2.1099999999999999e+00   4.3929024969788616e-01   1.2973496159004075e-01   4.1385581425094564e-01   1.7118974461115776e-02   4.9999909497541872e-01
  2.1200000000000001e+00   4.3887567833465074e-01   1.2938091069783772e-01   4.1472413894494747e-01   1.7019272022552417e-02   4.9999905364371239e-01
  2.1299999999999999e+00   4.3846330179949178e-01   1.2902853939202769e-01   4.1558762660570359e-01   1.6920532202765244e-02   4.9999900876838899e-01
  2.1400000000000001e+00   4.3805310598788294e-01   1.2867784854757403e-01   4.1644630128280086e-01   1.6822744181730406e-02   4.9999895987556014e-01
  2.1499999999999999e+00   4.3764507686805076e-01   1.2832883885183641e-01   4.1730018700290961e-01   1.6725897277191405e-02   4.9999890640290856e-01
  2.1600000000000001e+00   4.3723920048092479e-01   1.2798151080848025e-01   4.1814930776778730e-01   1.6629980942795750e-02   4.9999884767805153e-01
  2.1699999999999999e+00   4.3683546294004477e-01   1.2763586474135719e-01   4.1899368755232935e-01   1.6534984766256696e-02   4.9999878289022370e-01
  2.1800000000000002e+00   4.3643385043141536e-01   1.2729190079836722e-01   4.1983335030266550e-01   1.6440898467539829e-02   4.9999871105274252e-01
  2.1899999999999999e+00   4.3603434921329604e-01   1.2694961895531529e-01   4.2066831993430231e-01   1.6347711897074266e-02   4.9999863095255476e-01
  2.2000000000000002e+00   4.3563694561590638e-01   1.2660901901978183e-01   4.2149862033031144e-01   1.6255415033988193e-02   4.9999854108136016e-01
  2.2100000000000000e+00   4.3524162604102123e-01   1.2627010063503433e-01   4.2232427533956374e-01   1.6163997984368537e-02   4.9999843953995443e-01
  2.2200000000000002e+00   4.3484837696141421e-01   1.2593286328401945e-01   4.2314530877500955e-01   1.6073450979544591e-02   4.9999832390279941e-01
  2.2300000000000000e+00   4.3445718492009083e-01   1.2559730629349539e-01   4.2396174441200601e-01   1.5983764374395415e-02   4.9999819102208748e-01
  2.2400000000000002e+00   4.3406803652921672e-01   1.2526342883839586e-01   4.2477360598669400e-01   1.5894928645681049e-02   4.9999803673721932e-01
  2.2500000000000000e+00   4.3368091846859230e-01   1.2493122994657198e-01   4.2558091719442581e-01   1.5806934390397483e-02   4.9999785543174974e-01
  2.2599999999999998e+00   4.3329581748342899e-01   1.2460070850415242e-01   4.2638370168825035e-01   1.5719772324155702e-02   4.9999763933538438e-01
  2.2700000000000000e+00   4.3291272038100476e-01   1.2427186326193458e-01   4.2718198307746269e-01   1.5633433279585371e-02   4.9999737738165279e-01
  2.2799999999999998e+00   4.3253161402544094e-01   1.2394469284355007e-01   4.2797578492623217e-01   1.5547908204764245e-02   4.9999705325196936e-01
  2.2900000000000000e+00   4.3215248532915779e-01   1.2361919575682045e-01   4.2876513075233358e-01   1.5463188161675540e-02   4.9999664183857007e-01
  2.2999999999999998e+00   4.3177532123806500e-01   1.2329537041119656e-01   4.2955004402602825e-01   1.5379264324697543e-02   4.9999610240187781e-01
  2.3100000000000001e+00   4.3140010870393319e-01   1.2297321514773314e-01   4.3033054816918659e-01   1.5296127979134346e-02   4.9999536414956031e-01
  2.3199999999999998e+00   4.3102683462758618e-01   1.2265272829773405e-01   4.3110666655485930e-01   1.5213770519807662e-02   4.9999429221363728e-01
  2.3300000000000001e+00   4.3065548572508155e-01   1.2233390831732617e-01   4.3187842250781844e-01   1.5132183449760977e-02   4.9999259373369020e-01
  2.3399999999999999e+00   4.3028604813867727e-01   1.2201675417436293e-01   4.3264583930770933e-01   1.5051358379237599e-02   4.9998948756129485e-01
  2.3500000000000001e+00   4.2991850569421047e-01   1.2170126707727585e-01   4.3340894020277981e-01   1.4971287025720925e-02   4.9998178415131744e-01
  2.3599999999999999e+00   4.2955280800261358e-01   1.2138748217609463e-01   4.3416774859070228e-01   1.4891961230576557e-02   4.9991564848411124e-01
  2.3700000000000001e+00   4.2918837377672447e-01   1.2107596216190254e-01   4.3492229082497325e-01   1.4813373236386682e-02   4.9895894369445792e-01
  2.3799999999999999e+00   4.2882421617129174e-01   1.2076766685276191e-01   4.3567260083492554e-01   1.4735516141007699e-02   4.9725998394310045e-01
  2.3900000000000001e+00   4.2845987201656083e-01   1.2046302471373554e-01   4.3641871945001842e-01   1.4658383819671989e-02   4.9553617273762984e-01
  2.3999999999999999e+00   4.2809532966529529e-01   1.2016201043787775e-01   4.3716068947133818e-01   1.4581970425475578e-02   4.9382248995559769e-01
  2.4100000000000001e+00   4.2773059971558436e-01   1.1986457684214864e-01   4.3789855329273375e-01   1.4506270149520096e-02   4.9212139316207071e-01
  2.4199999999999999e+00   4.2736569440067940e-01   1.1957067560437092e-01   4.3863235278589185e-01   1.4431277209044602e-02   4.9043341970999010e-01
  2.4300000000000002e+00   4.2700062619424783e-01   1.1928025866289098e-01   4.3936212929613949e-01   1.4356985846708420e-02   4.8875868640541636e-01
  2.4399999999999999e+00   4.2663540748119605e-01   1.1899327854117821e-01   4.4008792364687360e-01   1.4283390330738889e-02   4.8709717072187031e-01
  2.4500000000000002e+00   4.2627005044608368e-01   1.1870968845247247e-01   4.4080977614614109e-01   1.4210484955289376e-02   4.8544879356224929e-01
  2.4600000000000000e+00   4.2590456702917057e-01   1.1842944233602899e-01   4.4152772659392547e-01   1.4138264040861536e-02   4.8381344986426028e-01
  2.4700000000000002e+00   4.2553896890845949e-01   1.1815249486711669e-01   4.4224181428966630e-01   1.4066721934744005e-02   4.8219102175104817e-01
  2.4800000000000000e+00   4.2517326749320622e-01   1.1787880145550851e-01   4.4295207803982317e-01   1.3995853011448530e-02   4.8058138482698742e-01
  2.4900000000000002e+00   4.2480747392299528e-01   1.1760831823845791e-01   4.4365855616539807e-01   1.3925651673135133e-02   4.7898441144823861e-01
  2.5000000000000000e+00   4.2444159906970608e-01   1.1734100207088276e-01   4.4436128650937512e-01   1.3856112350022346e-02   4.7739997253306943e-01
  2.5099999999999998e+00   4.2407565354104998e-01   1.1707681051409935e-01   4.4506030644405625e-01   1.3787229500780599e-02   4.7582793861536088e-01
  2.5200000000000000e+00   4.2370964768498182e-01   1.1681570182381482e-01   4.4575565287828156e-01   1.3718997612907926e-02   4.7426818048244168e-01
  2.5299999999999998e+00   4.2334359159459894e-01   1.1655763493777056e-01   4.4644736226452902e-01   1.3651411203087669e-02   4.7272056957334707e-01
  2.5400000000000000e+00   4.2297749511330279e-01   1.1630256946326439e-01   4.4713547060589071e-01   1.3584464817528202e-02   4.7118497823326466e-01
  2.5499999999999998e+00   4.2261136784008774e-01   1.1605046566468710e-01   4.4782001346292644e-01   1.3518153032284874e-02   4.6966127987860090e-01
  2.5600000000000001e+00   4.2224521913487256e-01   1.1580128445115646e-01   4.4850102596039260e-01   1.3452470453564460e-02   4.6814934910481637e-01
  2.5699999999999998e+00   4.2187905812382287e-01   1.1555498736430063e-01   4.4917854279385011e-01   1.3387411718012488e-02   4.6664906175665372e-01
  2.5800000000000001e+00   4.2151289370462769e-01   1.1531153656622276e-01   4.4985259823615170e-01   1.3322971492983851e-02   4.6516029497308781e-01
  2.5899999999999999e+00   4.2114673455171153e-01   1.1507089482766708e-01   4.5052322614381030e-01   1.3259144476797113e-02   4.6368292721495702e-01
  2.6000000000000001e+00   4.2078058912136385e-01   1.1483302551639821e-01   4.5119045996325097e-01   1.3195925398972939e-02   4.6221683828052285e-01
  2.6099999999999999e+00   4.2041446565677970e-01   1.1459789258580048e-01   4.5185433273694864e-01   1.3133309020457099e-02   4.6076190931249433e-01
  2.6200000000000001e+00   4.2004837219300345e-01   1.1436546056370070e-01   4.5251487710945332e-01   1.3071290133828465e-02   4.5931802279894357e-01
  2.6299999999999999e+00   4.1968231656177346e-01   1.1413569454141476e-01   4.5317212533330525e-01   1.3009863563492428e-02   4.5788506256980482e-01
  2.6400000000000001e+00   4.1931630639626577e-01   1.1390856016301776e-01   4.5382610927484213e-01   1.2949024165860197e-02   4.5646291379016168e-01
  2.6499999999999999e+00   4.1895034913573520e-01   1.1368402361483554e-01   4.5447686041990071e-01   1.2888766829514330e-02   4.5505146295117849e-01
